0.0,-0.4230823378750408,0.05471056876187674,-0.5950960509237366,0.7382733897255074,0.6469348369388248,0.64628334308871,-1.0206946399193839e-11,0.6598364992472587,1.377308526280011,-0.11786487739306309,0.0,0.0,0.0,-1.563401669330032,-1.0789845405985286,-0.12297247402915379,-1.7542608551322005,0.0,0.0,0.0
0.0,-0.41009661877573,0.05665382764997062,-0.650854726898686,0.7447294534729743,0.5893793323900385,0.6809137674477396,-1.0206946399193839e-11,0.7158871643706661,1.426686135638804,-0.12943418300347437,0.0,0.0,0.0,-1.5241050923942088,-1.0540632861760135,-0.0676705637316949,-1.7451394035523327,0.0,0.0,0.0
0.0,-0.4203656983357922,0.06359265618533794,-0.7354615760356658,0.7729383249481043,0.5218506492614197,0.7302678425950947,-1.0206946399193839e-11,0.7871885097450491,1.4808531506520786,-0.15897131988508287,0.0,0.0,0.0,-1.4528131622225975,-1.0272882966106058,0.042976816628852076,-1.7325685457213493,0.0,0.0,0.0
0.0,-0.4032843831895443,0.0695147246279797,-0.8373913648861278,0.7894259222505712,0.43907951637350584,0.8116848140803006,-1.0206946399193839e-11,0.8852099575235202,1.5707963268435994,-0.1919890526789931,0.0,0.0,0.0,-1.3901427591028745,-0.9770871279549582,0.1434562308557878,-1.7239430587270492,0.0,0.0,0.0
0.0,-0.5958065288053742,0.057090409088260685,-0.9053961508256689,0.8716373166835071,0.30770319076030617,0.7790573721788784,-0.055727784093283717,0.9373346458498122,1.8126546955974034,-0.19095939824743147,0.0,0.0,0.0,-1.4505363518910006,-0.85480164253379,0.3206715314067479,-1.5034601491153752,0.0,0.0,0.0
0.0,-0.9269918805168444,0.0269753827173993,-0.9000321638936835,0.9995224081561945,0.15565579686305003,0.6016831997583371,-0.17812351153846517,0.9425894682937248,2.1152601155675113,-0.1822843910018599,0.0,0.0,0.0,-1.6154406049439014,-0.5541521337373533,0.9922160367918466,-1.3698338806625538,0.0,0.0,0.0
0.0,-1.2612877646405036,0.016562516356867896,-0.7583803104929467,1.1384208996638592,0.15086995519489987,0.36586628571628027,-0.2864228566059599,0.8349606781348956,2.2240894069098576,-0.2544830727974517,0.0,0.0,0.0,-1.6318569972555412,-0.19175849661202873,1.383955473530402,-1.7143262839421218,0.0,0.0,0.0
0.0,-1.4715600449998862,0.038001156047771545,-0.5248226893799761,1.22544575789484,0.28035171376387075,0.13996836517160127,-0.37248890832849924,0.6512787061799646,2.130021192966955,-0.35099404876513957,0.0,0.0,0.0,-1.2564864831884517,0.023074811458133917,1.343997440413013,-2.0055436150678125,0.0,0.0,0.0
0.0,-1.5479577720304207,0.06573343502981288,-0.410016261696049,1.2205723123205865,0.35815203718050836,0.03781719084686177,-0.4353753464713499,0.5612271269750765,2.005431001927387,-0.3629408243837148,0.0,0.0,0.0,-1.0444469149849915,-0.054310455417092486,1.2269066775876292,-2.0414947753212376,0.0,0.0,0.0
0.0,-1.52601340486022,0.09414714337315466,-0.2958438293440704,1.1372438168519803,0.4611705492703985,-0.05299837151911481,-0.46042280781690614,0.45243669064365105,1.8966334060927434,-0.332635762236509,0.0,0.0,0.0,-0.8716384944593862,-0.23653971214151714,0.8435293622909623,-1.6445502766225026,0.0,0.0,0.0
0.0,-1.5278844268034277,0.1035032365927524,-0.2186397460955556,1.1096297195752953,0.5597279895690874,-0.1133558015139604,-0.46702815060685143,0.38173658472170463,1.861942915105965,-0.3194394005010928,0.0,0.0,0.0,-0.6728531952502221,-0.458843747628648,0.3333451762881247,-1.2887826875380854,0.0,0.0,0.0
0.0,-1.5970812229122535,0.11307886897647812,-0.10267085945810406,1.1471736972088227,0.7030571938620911,-0.20905387732976985,-0.5122654893753045,0.31794133042078926,1.8417078375584246,-0.37032243251399405,0.0,0.0,0.0,-0.5040433798945001,-0.5797123021978802,-0.27600523106587843,-0.7807445652087197,0.0,0.0,0.0
0.0,-1.6286439060132196,0.13178027266578596,-0.07468958243786306,1.219459061086879,0.7717205150409836,-0.26609537657564397,-0.5459178378706522,0.3316118858302837,1.7938066094764147,-0.4033772205680697,0.0,0.0,0.0,-0.3678734148363345,-0.6127532166365062,-0.5991879685165274,-0.6006339694882091,0.0,0.0,0.0
0.0,-1.5843757716092013,0.16013719659126302,-0.04447629681004717,1.2169092002598212,0.839507818732336,-0.31738057908226186,-0.5459211692777592,0.3192142546607696,1.7881652807523996,-0.48288392913461886,0.0,0.0,0.0,-0.3376280551394908,-0.6098494466451893,-0.7819866960183827,-0.47834170615148613,0.0,0.0,0.0
0.0,-1.4826928072577616,0.18965690615196706,-0.0552150741089692,1.152048753693597,0.8380926721671559,-0.3383177387504867,-0.5054415197197573,0.31497526051317865,1.7912350729785027,-0.4778540077742169,0.0,0.0,0.0,-0.38287633437167923,-0.5915159972799795,-0.9801187947043142,-0.3455481210567808,0.0,0.0,0.0
0.0,-1.4358470222902446,0.2120150956903375,-0.046702462398696465,1.0673573325068266,0.8462249747228913,-0.3835227667937428,-0.4611771436523511,0.32108339143420034,1.8121587261248815,-0.46736642334878664,0.0,0.0,0.0,-0.48089718777596646,-0.569657982331822,-1.277276938342561,-0.19780692216726395,0.0,0.0,0.0
0.0,-1.324553663100968,0.23768602375101278,-0.05903956663770904,1.0250738219915154,0.8156314222864722,-0.4522359358530977,-0.4179615740774638,0.29617166823434715,2.022276734825651,-0.4347474051008692,0.0,0.0,0.0,-0.5271365692307013,-0.553405125655064,-1.6566064649981966,-0.15309689987192737,0.0,0.0,0.0
0.0,-1.1616266105040158,0.2846148226970451,-0.049970373589995454,0.8418786555964154,0.7514568864402729,-0.5483935626937274,-0.34908328294494906,0.25877175271545283,2.1923804929956523,-0.3752759067049118,0.0,0.0,0.0,-0.514368947731215,-0.5475759139925648,-1.908208724828527,-0.219286203230389,0.0,0.0,0.0
0.0,-1.1599413101121216,0.26999549332416084,-0.06091348013581799,0.7851936790875867,0.7133231498628609,-0.5253828852098468,-0.3123025234977441,0.27197511122246654,2.1849219111795843,-0.32767917442470046,0.0,0.0,0.0,-0.38607769787756574,-0.5005893878973666,-1.7355974540247883,-0.1015309482762175,0.0,0.0,0.0
0.0,-1.1971618147592749,0.2681086854223196,-0.059555242023677124,0.7724620341888868,0.6959986073039172,-0.4725986632725677,-0.32466024220661094,0.2875097138360249,2.175059610612467,-0.34971086363358816,0.0,0.0,0.0,-0.31921025045911966,-0.49251426509251145,-0.0,-0.06154751034471298,0.0,0.0,0.0
0.0,-1.2434828635452824,0.23813356858567758,-0.04987327300527111,0.775345950955656,0.7575194973422809,-0.4129725935367876,-0.3214167061206914,0.27795699515779865,2.1365140181964866,-0.36008963449123443,0.0,0.0,0.0,-0.2900253650930913,-0.50260044922305,-0.0,-0.07261102252705778,0.0,0.0,0.0
0.0,-1.216282348031753,0.22778423623160382,-0.05367796233525679,0.7371256740512214,0.7927371670173191,-0.37749764611976006,-0.2968123746605791,0.2623685748538928,2.1282146767982915,-0.3239914314032959,0.0,0.0,0.0,-0.28871967466373283,-0.5080851592353955,-0.0,-0.050667825317520836,0.0,0.0,0.0
0.0,-1.2130147932853474,0.23215020564291589,-0.05473910478487287,0.6856407074708689,0.8279897340779727,-0.38952125783319874,-0.31290027561227385,0.2453726146330088,2.1712417737873744,-0.3302508907191106,0.0,0.0,0.0,-0.28530236576838064,-0.5221144791595719,-0.0,-0.046374251830027025,0.0,0.0,0.0
0.0,-1.2383797744919565,0.229423870350427,-0.045019752796501944,0.6641850893196346,0.8381750853143924,-0.3781778480861497,-0.33221928654766675,0.2449949743655866,2.1799966818858487,-0.3543753125265847,0.0,0.0,0.0,-0.30086233254237627,-0.5414962932003723,-0.0,-0.04773699370027067,0.0,0.0,0.0
0.0,-1.1891671008307858,0.25031221689539684,-0.03751045211592574,0.603373355338793,0.8139518431369169,-0.41249280668977556,-0.3556687802831284,0.21906543598113218,2.2553671515478944,-0.36243118938613333,0.0,0.0,0.0,-0.2956100532086312,-0.5433521710900864,-0.0,-0.060246180207494775,0.0,0.0,0.0
0.0,-1.1745173512947584,0.2483748370332446,-0.05453588351546568,0.589290682110516,0.7876764825720246,-0.3859195526291761,-0.3636388346907742,0.2123965356148961,2.2414905380055727,-0.34844780713251555,0.0,0.0,0.0,-0.25484234279787454,-0.5276069532791247,-1.2069685728809527,-0.12811112969490016,0.0,0.0,0.0
0.0,-1.1501003758782156,0.23739363965503912,-0.08040556198811544,0.6062014376658033,0.7560426987240727,-0.36090182527829756,-0.355807198102152,0.21615489209806013,2.2604634498908225,-0.32442175612605056,0.0,0.0,0.0,-0.20892893840914084,-0.49543070946923723,-1.006946933736128,-0.1954654625691698,0.0,0.0,0.0
0.0,-1.1274323841872853,0.21315843862108963,-0.09262696799518011,0.5974288750429373,0.7780454514345069,-0.3294389020997106,-0.3367790652836571,0.20011087795491886,2.2824861486330073,-0.3084257551036063,0.0,0.0,0.0,-0.19703796662291717,-0.4893447469310306,-1.1195055506613172,-0.1561554869558091,0.0,0.0,0.0
0.0,-1.1120799854087595,0.18683193264061693,-0.10392857875240447,0.6182364880827336,0.7865880941528428,-0.2774148211517626,-0.31302804962476616,0.2018089074569826,2.26893558894494,-0.2836111901918957,0.0,0.0,0.0,-0.17944833914082592,-0.47051811180066005,-1.1653472157124858,-0.13563537865364042,0.0,0.0,0.0
0.0,-1.0243690712279134,0.1600784031065121,-0.11374379864648176,0.6196497890809994,0.8108481972167596,-0.22482242933098667,-0.25660689651493707,0.1950626838826871,2.2996753385135715,-0.26054320791336366,0.0,0.0,0.0,-0.1426807426019474,-0.45445558682926757,-1.1455287336829092,-0.14320752958240704,0.0,0.0,0.0
0.0,-0.9203048190806884,0.14893705765506837,-0.10903620809347991,0.5850342038664854,0.8360627628270201,-0.21445521094857042,-0.19575408890904944,0.18886601241948855,2.194630780142001,-0.20478043656574993,0.0,0.0,0.0,-0.11677604905231354,-0.44939238659655056,-1.2181118773699526,-0.1300322178588088,0.0,0.0,0.0
0.0,-0.8227436682440352,0.13959470797407292,-0.09964990215248992,0.538143331130982,0.8702572919360617,-0.20676257877701074,-0.13837265212123873,0.1857000363536826,2.0771153251306855,-0.16787281632219334,0.0,0.0,0.0,-0.08443701241679413,-0.4630211732113121,-0.0,-0.08292429591362069,0.0,0.0,0.0
0.0,-0.7346459298011898,0.13014344610218842,-0.08980554075635405,0.5005236667887287,0.8941121445816483,-0.20642302617994426,-0.08896911319232403,0.1853728070616675,1.9565861257136115,-0.15552033464782494,0.0,0.0,0.0,-0.06327031277929906,-0.476116015707976,-0.0,-0.03472292008070107,0.0,0.0,0.0
0.0,-0.6803993466174978,0.11167639288150522,-0.10808279620101668,0.5340987154806143,0.9037508848296943,-0.14273325095582043,-0.04791349985888882,0.21007294684294422,1.803883558620823,-0.1533155790984909,0.0,0.0,0.0,-0.04755304140517058,-0.48243501183888954,-0.0,-0.05443172294314935,0.0,0.0,0.0
0.0,-0.5954539885958594,0.11350762572867801,-0.12512393048223203,0.47302343752729664,0.9319738133707328,-0.0691963475727297,-0.02499658244421399,0.25602170127797497,1.6412900162415553,-0.16424727070027192,0.0,0.0,0.0,-0.054376501442754854,-0.5074396530422134,-1.5974673458054602,-0.15174309780207326,0.0,0.0,0.0
0.0,-0.3864111937978416,0.12566935344769536,-0.08114567920344751,0.2939562468622376,0.9789263127344766,-0.08045016344076959,-1.0206946399193839e-11,0.26795708683601405,1.0798127257562338,-0.2035586971681646,0.0,0.0,0.0,-0.015142896198283573,-0.5637584451103832,-1.5301999387161433,-0.2349801992466921,0.0,0.0,0.0
0.0,-0.21758884894353336,0.15061277814148077,-0.0395927512259302,0.07448281783034873,0.9692342438162161,-0.12035046118960069,-1.0206946399193839e-11,0.2966829995844032,0.8238587152235922,-0.23734470306449867,0.0,0.0,0.0,-1.0206946399193839e-11,-0.6030244969285978,-1.4573278127014788,-0.30079955552236487,0.0,0.0,0.0
0.0,-0.14550675776437894,0.15042877751042205,-0.016488101757084817,0.007614390957379513,0.9418308032381311,-0.1400807473784,-1.0206946399193839e-11,0.32640974524038635,0.7536129193982604,-0.26016361762914403,0.0,0.0,0.0,-1.0206946399193839e-11,-0.6418985668795525,-1.4578654831068398,-0.3154925917450063,0.0,0.0,0.0
0.0,-0.11193990924064856,0.14824345337829925,0.00189629654557244,-0.03529055551734084,0.9038697588030074,-0.16672941811793107,-1.0206946399193839e-11,0.33162235652318006,0.7639549617111759,-0.2527621398575883,0.0,0.0,0.0,-1.0206946399193839e-11,-0.6596189549499379,-1.5090130542749083,-0.309716912055094,0.0,0.0,0.0
0.0,-0.10829379642306591,0.13361531933082027,-0.020749539682104245,0.0532092676845199,0.8657913989661139,-0.12326713689413216,-1.0206946399193839e-11,0.37771193710621137,0.7995787342202038,-0.2408382587566804,0.0,0.0,0.0,-1.0206946399193839e-11,-0.6773109014954077,-1.5503815165722161,-0.31949645858159537,0.0,0.0,0.0
0.0,-0.10947605776066816,0.13995696614375852,-0.02724341801361785,0.046502975788503785,0.8517213761026864,-0.10224036648114701,-1.0206946399193839e-11,0.4020656875474314,0.7081211872228498,-0.26592173849947753,0.0,0.0,0.0,-1.0206946399193839e-11,-0.7353141656024502,-1.5323352982200789,-0.39110158384121224,0.0,0.0,0.0
0.0,-0.10013781039320246,0.13849226860808272,-0.034914456859735044,0.04808356067001558,0.8433008438563173,-0.09163070324518083,-1.0206946399193839e-11,0.46223809926740306,0.5374773581747312,-0.3152281891314707,0.0,0.0,0.0,-1.0206946399193839e-11,-0.8089469127436723,-1.51955133767407,-0.46393002761204927,0.0,0.0,0.0
0.0,-0.11200785044968109,0.13908498620774523,-0.030196140397310778,0.07303787535018186,0.859194304213139,-0.0806060480263978,-1.0206946399193839e-11,0.5292859379909249,0.3946248209364766,-0.3564626447792914,0.0,0.0,0.0,-1.0206946399193839e-11,-0.9025588237330017,-1.4963465380621266,-0.551340163960786,0.0,0.0,0.0
0.0,-0.09307908303053658,0.12956950620756302,-0.025849541129492337,0.08166146854528095,0.8993160604561367,-0.07480132833968821,-1.0206946399193839e-11,0.5884177347411453,0.20314802860175246,-0.417120650126677,0.0,0.0,0.0,-1.0206946399193839e-11,-0.9955289880572807,-1.4977319015064026,-0.6472199010332821,0.0,0.0,0.0
0.0,-0.0837148835011079,0.1594581569541358,-0.028025851237617694,0.1610756677017046,0.9332116587143195,-0.02721154546293072,-1.0206946399193839e-11,0.6372509471148962,0.12502264825831216,-0.45300131151967177,0.0,0.0,0.0,-1.0206946399193839e-11,-1.0545909359222354,-1.4745192943016106,-0.7396461159721912,0.0,0.0,0.0
0.0,-0.10801825859475445,0.17959364979065118,-0.04120180563291154,0.2018302608739792,0.9444023968897047,0.006336504618116953,-1.0206946399193839e-11,0.6580723143008058,0.000980421994937287,-0.4591414352431978,0.0,0.0,0.0,-1.0206946399193839e-11,-1.1103398723950135,-1.4973457071166427,-0.785683810442156,0.0,0.0,0.0
0.0,-0.10551206112266431,0.18489810613256807,-0.043853899627522175,0.24764996707039014,0.9319476961463702,0.05494701902125817,-1.0206946399193839e-11,0.6754127038326273,0.016914095538965127,-0.46051494977872726,0.0,0.0,0.0,-1.0206946399193839e-11,-1.127223690218674,-1.5189409295039231,-0.8262067814366487,0.0,0.0,0.0
0.0,-0.12892625897840926,0.17206005044276385,-0.036021281652021564,0.27925641943817436,0.9339454668981301,0.07750337688273243,-1.0206946399193839e-11,0.6870834851641344,-0.04471293724418064,-0.46025826456091734,0.0,0.0,0.0,-1.0206946399193839e-11,-1.1690768428227325,-1.536209602756422,-0.8943597686780527,0.0,0.0,0.0
0.0,-0.09200210254649388,0.15495828015641422,-0.006016260860596034,0.2716601830585239,0.9588403651478598,0.05441946899624104,-1.0206946399193839e-11,0.7049120441833491,0.004154138256210536,-0.4870979113555812,0.0,0.0,0.0,-1.0206946399193839e-11,-1.2022116810316206,-1.5312257682604198,-1.0416347258152674,0.0,0.0,0.0
0.0,-0.02900540392272566,0.13723150522905314,0.008179515360175138,0.2501924885153641,0.9659659685473588,0.07480255813028179,-1.0206946399193839e-11,0.7327805437185315,0.10127438631232502,-0.5203356170265557,0.0,0.0,0.0,-1.0206946399193839e-11,-1.157602728174427,-1.5585600131552602,-1.135554925599698,0.0,0.0,0.0
0.0,0.06376387954326979,0.13518602671016103,0.015062213009057253,0.22203861321435833,0.9699514953686729,0.09050671527431445,-1.0206946399193839e-11,0.7733462241585927,0.20971483114220352,-0.5921316782404927,0.0,0.0,0.0,-1.0206946399193839e-11,-1.098065785341226,-1.5527660842476365,-1.1884744219082775,0.0,0.0,0.0
0.0,0.18509973801031604,0.1257251934389507,0.01385552148050426,0.11995848207128695,0.9941982788921826,0.10559862311007942,-1.0206946399193839e-11,0.8052782688895164,0.3507456658534824,-0.6579233672182091,0.0,0.0,0.0,-1.0206946399193839e-11,-0.9733107695284117,-1.5531436261220244,-1.244441079663576,0.0,0.0,0.0
0.0,0.2851846910639088,0.13178764235209783,0.018264787295838636,-0.00740511064463778,0.9799208607448442,0.0866678717544822,-1.0206946399193839e-11,0.8035607360872611,0.39385935381574605,-0.7647494722994956,0.0,0.0,0.0,-1.0206946399193839e-11,-0.8378037580880603,-1.5089638082079724,-1.318689429913344,0.0,0.0,0.0
0.0,0.40613035142909504,0.11192224216051744,0.03454025900267535,-0.18048725452960745,0.9891759540049874,0.05151511960149868,-1.0206946399193839e-11,0.7922903543965251,0.4675628407337966,-0.9411025055269328,0.0,0.0,0.0,-1.0206946399193839e-11,-0.6998301426430643,-1.389364391890925,-1.5399264306546168,0.0,0.0,0.0
0.0,0.5378867482307583,0.10326068601600076,0.060792013130112996,-0.32203214997626395,0.9473260957530343,-0.031742538580772806,-1.0206946399193839e-11,0.7802367304424245,0.5612230054974583,-1.206407262884644,0.0,0.0,0.0,-0.03237326631446136,-0.6114112637918881,-1.2657130913406194,-1.8975463466069473,0.0,0.0,0.0
0.0,0.6305415442275668,0.046965815567377264,0.07717471367193376,-0.45717269094169843,0.9202446679914491,-0.146726175377208,-1.0206946399193839e-11,0.7435599667243663,0.6296759649150909,-1.2342462344272525,0.0,0.0,0.0,-0.10035178684287294,-0.5332286552947428,-1.2461218366413822,-2.141772061171617,0.0,0.0,0.0
0.0,0.7215345111566314,-0.003388325514938084,0.07283419329875046,-0.5370675260299609,0.8979339075100246,-0.24040518838186298,-1.0206946399193839e-11,0.7336217766358898,0.6440919333340215,-1.195844214494665,0.0,0.0,0.0,-0.11597859297479163,-0.4541417939546251,-1.3325058394944678,-2.225866584559726,0.0,0.0,0.0
0.0,0.7947106806532798,-0.028440154285961666,0.0663381008103823,-0.5404725277359601,0.867257450050948,-0.24278538580924414,-1.0206946399193839e-11,0.7284950081957887,0.6938946396777834,-1.2072005970954416,0.0,0.0,0.0,-0.08986166891213809,-0.38325400577495705,-1.4599046447723614,-2.2685258964455666,0.0,0.0,0.0
0.0,0.755742584750097,-0.02266323300755545,0.06090762661381512,-0.5472119346217652,0.9007309644603154,-0.26763525579436376,-1.0206946399193839e-11,0.7405973642365117,0.6295960549670452,-1.1713365277039527,0.0,0.0,0.0,-0.012782760288427397,-0.3635482896968269,-1.5593189825393003,-2.1518008921881027,0.0,0.0,0.0
0.0,0.7034238840369099,-0.019249440312789204,0.06599017467828108,-0.5544506589131144,0.9418606167760686,-0.2964287269713659,-1.0206946399193839e-11,0.7468337096717154,0.4455766421823769,-1.215347556003951,0.0,0.0,0.0,-1.0206946399193839e-11,-0.3767919402734036,-1.570796326787365,-2.093360731634868,0.0,0.0,0.0
0.0,0.7533202846346876,-0.023760496764222944,0.0943460620515312,-0.6258673585362375,0.8836874220430193,-0.3372406843918463,-1.0206946399193839e-11,0.7515706765323205,0.43505861941301227,-1.142546648936071,0.0,0.0,0.0,-1.0206946399193839e-11,-0.4425321963414754,-1.5707963267909595,-1.9549492208677346,0.0,0.0,0.0
0.0,0.7546574731743694,-0.02411787142622521,0.11202996629536742,-0.6589260079688226,0.8922480097357903,-0.3752731769903743,-1.0206946399193839e-11,0.7692634716606688,0.3787687239851152,-1.217304311332658,0.0,0.0,0.0,-1.0206946399193839e-11,-0.503161176135607,-1.5659219735538172,-1.9379477878823836,0.0,0.0,0.0
0.0,0.7971608468625943,-0.035219363048039284,0.12644705985643043,-0.695587362060555,0.8764432571307186,-0.4018884366237332,-1.0206946399193839e-11,0.783378535364512,0.451305129120008,-1.1062299346921625,0.0,0.0,0.0,-1.0206946399193839e-11,-0.536211166545811,-1.4382768629472582,-1.8990928619036507,0.0,0.0,0.0
0.0,0.7831781176210451,-0.025859882122765805,0.10367154991194331,-0.7053211634115915,0.9127094345520188,-0.38333886589115496,-1.0206946399193839e-11,0.8278734723546668,0.40847248082068877,-1.204432849349907,0.0,0.0,0.0,-1.0206946399193839e-11,-0.5207886061530471,-1.3789222287313523,-1.9509382945454083,0.0,0.0,0.0
0.0,0.7295185644746877,-0.009110779311529104,0.10170567845213246,-0.6680147738574256,0.9668021994384803,-0.38840914317505204,-1.0206946399193839e-11,0.8323465272680779,0.378053647023609,-1.2906001641414198,0.0,0.0,0.0,-1.0206946399193839e-11,-0.5260487673773192,-1.4060390228640312,-1.964357880977525,0.0,0.0,0.0
0.0,0.7177847617573071,0.0011620570721101607,0.0957377686672321,-0.6656179768615593,1.0025685772681951,-0.3919728215730096,-1.0206946399193839e-11,0.8147693031902008,0.3668677857933531,-1.2797751924062615,0.0,0.0,0.0,-1.0206946399193839e-11,-0.5023289027130861,-1.4411175990916416,-1.9528715154909784,0.0,0.0,0.0
0.0,0.6667750676252053,-0.004759647657599794,0.09628959601744638,-0.6150428549313931,1.0286301392090555,-0.4010381019259901,-1.0206946399193839e-11,0.8032375922163174,0.3865018968956985,-1.180907636768279,0.0,0.0,0.0,-1.0206946399193839e-11,-0.5001435739214073,-1.488688689862762,-1.9343517699084865,0.0,0.0,0.0
0.0,0.6677677572238486,-0.009397034782647676,0.10281774022958629,-0.6264321052871473,1.0057440105208029,-0.408673785707927,-1.0206946399193839e-11,0.7858058712528884,0.4372141921648939,-1.0841167601807322,0.0,0.0,0.0,-1.0206946399193839e-11,-0.5172736497738878,-1.4525130732429405,-2.0110733537208647,0.0,0.0,0.0
0.0,0.6774115376896074,-0.011435795182915678,0.11774255537199527,-0.6375110195869853,0.9893457465220417,-0.4259751418345479,-1.0206946399193839e-11,0.772059009148177,0.4722348603579179,-1.1058469258176942,0.0,0.0,0.0,-1.0206946399193839e-11,-0.5399899184228732,-1.432578685938275,-2.090121433600313,0.0,0.0,0.0
0.0,0.6872538604148621,-0.0020543483138211844,0.1140273884433245,-0.6398402930201357,0.9850276403701645,-0.39416122297656386,-1.0206946399193839e-11,0.7541789040847063,0.4877046408255185,-1.1602381257774557,0.0,0.0,0.0,-1.0206946399193839e-11,-0.5603503198200877,-1.4334311778156499,-2.1735107861403864,0.0,0.0,0.0
0.0,0.6918466609493815,0.025711257499700643,0.09108868638845445,-0.6405587869122109,0.963385995748558,-0.318046224910983,-1.0206946399193839e-11,0.7438774443815521,0.4740320818259217,-1.1899852565107314,0.0,0.0,0.0,-1.0206946399193839e-11,-0.5482582701519931,-1.4640475254898009,-2.1485730324097347,0.0,0.0,0.0
0.0,0.6810117434469447,0.05380514632039133,0.05678427949868442,-0.6162528354497274,0.9664137478473283,-0.23931837556972324,-1.0206946399193839e-11,0.7485310485499997,0.4614720445744804,-1.2041155036689246,0.0,0.0,0.0,-1.0206946399193839e-11,-0.5320419320055513,-1.4825160063943008,-2.0439442827701138,0.0,0.0,0.0
0.0,0.6609983749148877,0.0643347033007819,0.05141124367145303,-0.6004431736297775,0.9452849267384869,-0.23844599311554893,-1.0206946399193839e-11,0.7486632400006699,0.45646099320867906,-1.1957645016009824,0.0,0.0,0.0,-1.0206946399193839e-11,-0.5225447069854632,-1.4764007358632945,-1.9369286085339916,0.0,0.0,0.0
0.0,0.7124491465568908,0.037747232363087684,0.05283580987237731,-0.6542687674261467,0.9410407250741164,-0.306748681976182,-1.0206946399193839e-11,0.7754898411505614,0.4914507801199141,-1.1711036955151786,0.0,0.0,0.0,-1.0206946399193839e-11,-0.5040770953892482,-1.4378582109235383,-1.8354678706261054,0.0,0.0,0.0
0.0,0.746306999137993,0.017832848220073215,0.0644730689191729,-0.7122305971733671,0.9198207496206603,-0.368035538408785,-1.0206946399193839e-11,0.8078979665702958,0.5110297549074785,-1.2214931834606872,0.0,0.0,0.0,-1.0206946399193839e-11,-0.5085941255165947,-1.398700818025524,-1.8372254862398223,0.0,0.0,0.0
0.0,0.7481740298856818,0.016916606915786458,0.07174892964652947,-0.701354033268152,0.8955520871457967,-0.37198628050681704,-1.0206946399193839e-11,0.8213576443832145,0.537851634803281,-1.2355204409666252,0.0,0.0,0.0,-1.0206946399193839e-11,-0.5299005904868928,-1.4162142348653888,-1.7917352033474918,0.0,0.0,0.0
0.0,0.6697230972049903,0.04831820435309058,0.039298238371743774,-0.60217554422921,0.8919916329311297,-0.26231132972184934,-1.0206946399193839e-11,0.8371390844144615,0.42946133219252325,-1.407480174291177,0.0,0.0,0.0,-0.008730208929208061,-0.505060588871049,-1.451051675477904,-1.8399040950108931,0.0,0.0,0.0
0.0,0.5912566778270271,0.07977590193954412,0.039827740735202254,-0.5231303259912461,0.873904389795725,-0.19085685276644337,-1.0206946399193839e-11,0.8175365589715841,0.39220905260048344,-1.5855807828102462,0.0,0.0,0.0,-0.003781638336619153,-0.49418668633161345,-1.5431136279058182,-1.7661142788347364,0.0,0.0,0.0
0.0,0.5213516404980905,0.10501728873361056,0.0008280660264759061,-0.44226687533697095,0.908816343868585,-0.13806575614275074,-1.0206946399193839e-11,0.8277667400656461,0.38436750075361,-1.661457730191345,0.0,0.0,0.0,-0.02588817041282221,-0.47469225417167954,-1.5672818360981915,-1.80960436792319,0.0,0.0,0.0
0.0,0.5221209638586747,0.07448089014288929,-0.003216319307988828,-0.4584665403108037,0.9358344218037793,-0.16876384412409573,-1.0206946399193839e-11,0.8214459677481657,0.3909717133789312,-1.5828210915485077,0.0,0.0,0.0,-1.0206946399193839e-11,-0.4502767927663941,-1.5707963267943998,-1.7148962137705974,0.0,0.0,0.0
0.0,0.5814548161234007,0.051445554918098706,-0.01500038860268493,-0.49448294220650046,0.94138070748025,-0.1886287988699875,-1.0206946399193839e-11,0.8381792902669815,0.4192397502449277,-1.5094462392759507,0.0,0.0,0.0,-1.0206946399193839e-11,-0.41948156932797437,-1.5707963267941938,-1.7023026754521413,0.0,0.0,0.0
0.0,0.6891778765912537,0.02010420561538837,-0.028281537156524317,-0.5530708830446427,0.9655905611004112,-0.22789138609121773,-1.0206946399193839e-11,0.8817283153859614,0.43752190644376526,-1.4137805208972072,0.0,0.0,0.0,-1.0206946399193839e-11,-0.4130936693327676,-1.5707963267943283,-1.6846559498243443,0.0,0.0,0.0
0.0,0.727386179512866,0.01468318006492266,-0.08144020431850645,-0.5360501104146351,1.0170341859975194,-0.1898945900124578,-1.0206946399193839e-11,0.9442094117505619,0.4204633453447095,-1.2759888963822337,0.0,0.0,0.0,-1.0206946399193839e-11,-0.40462308088434945,-1.530383985122982,-1.6830156267980545,0.0,0.0,0.0
0.0,0.7668543153200762,-0.004605884901042283,-0.14795488734599385,-0.44655508630683327,1.0400859282085415,-0.10288294540444287,-1.0206946399193839e-11,0.9903110452927198,0.4486611804101734,-1.0839594653363538,0.0,0.0,0.0,-1.0206946399193839e-11,-0.3710065181032884,-1.4495743610141412,-1.4473923471185934,0.0,0.0,0.0
0.0,0.7087583687269793,0.0019260300852570271,-0.19007357201141006,-0.293201352402086,1.0556402320679927,-0.0005450248417910863,-1.0206946399193839e-11,0.9991577916256699,0.4086645727948203,-0.9673654926078213,0.0,0.0,0.0,-1.0206946399193839e-11,-0.35272461240124664,-1.460817495896637,-1.1857071575373903,0.0,0.0,0.0
0.0,0.7209932356003252,-0.007187384565101606,-0.20421393317750375,-0.20286557864566168,1.0324198093516088,0.0668117436529112,-1.0206946399193839e-11,1.0199877841840417,0.44346333727975784,-0.8689253529926988,0.0,0.0,0.0,-1.0206946399193839e-11,-0.3106812552057555,-1.5129444137602792,-0.9236267620312201,0.0,0.0,0.0
0.0,0.7339917491241258,-0.013396530276417226,-0.20630944316871588,-0.1938063136503203,1.0254851118159891,0.07920913753642722,-1.0206946399193839e-11,1.0180389685358124,0.4647455984019138,-0.8659441366942027,0.0,0.0,0.0,-1.0206946399193839e-11,-0.2951840307101095,-1.524613198100557,-0.7717827720965273,0.0,0.0,0.0
0.0,0.7742552625518468,-0.013789843836885187,-0.2007334556747716,-0.2103390271417398,0.9717403863702856,0.07368584247955567,-1.0206946399193839e-11,1.0106888203148692,0.49975361516597716,-0.8284741963697445,0.0,0.0,0.0,-1.0206946399193839e-11,-0.2351625250698167,-1.5392224433466584,-0.5806325613722738,0.0,0.0,0.0
0.0,0.7922706068077755,0.015345532694971213,-0.2199009140064696,-0.11637628377451925,0.9651333755429432,0.19121089782208323,-1.0206946399193839e-11,1.0151434902249363,0.5012479476268396,-0.8491483836709561,0.0,0.0,0.0,-1.0206946399193839e-11,-0.153474074939442,-1.476314111308202,-0.43803984081344793,0.0,0.0,0.0
0.0,0.8136411947585309,0.05043682197991961,-0.28439147422709027,-0.018861285186395182,0.9640563830500257,0.42122962659421503,-1.0206946399193839e-11,1.0493917878454455,0.4226998734465786,-0.9394494615143832,0.0,0.0,0.0,-1.0206946399193839e-11,-0.037897674735480356,-1.37577723936295,-0.31314293148820355,0.0,0.0,0.0
0.0,0.7516748325071383,0.09637023123107853,-0.3172812761231481,0.1438698025473427,0.9504261169868289,0.6377170802921533,-1.0206946399193839e-11,1.040344836360942,0.3571556594668604,-0.9864808847263385,0.0,0.0,0.0,-1.0206946399193839e-11,-0.024035779360009422,-1.2411259833858093,-0.34449928553833237,0.0,0.0,0.0
0.0,0.7163493314807995,0.11234074132018856,-0.3041055330776542,0.1889839801626988,0.9453351027244815,0.6920609569571464,-1.0206946399193839e-11,1.0124945123626075,0.34141238581080785,-0.9953879163490079,0.0,0.0,0.0,-1.0206946399193839e-11,-0.0858884168022433,-1.1754197022432153,-0.42997651137086457,0.0,0.0,0.0
0.0,0.6996183285750707,0.11629795012736971,-0.2733703654948857,0.1802688508745981,0.9599546055505883,0.6733477129638508,-1.0206946399193839e-11,0.9810695980398757,0.34625108098940865,-1.0045820523018758,0.0,0.0,0.0,-1.0206946399193839e-11,-0.13092041629772908,-1.1590138175531681,-0.4504006969901526,0.0,0.0,0.0
0.0,0.6605896538789746,0.10773193506374329,-0.22816658844265233,0.1859709160434248,0.9837074297759723,0.6208190427777059,-1.0206946399193839e-11,0.9367206778951528,0.3403781451236516,-1.012789971902766,0.0,0.0,0.0,-1.0206946399193839e-11,-0.2073490196575697,-1.2511305291573473,-0.4709837184044312,0.0,0.0,0.0
0.0,0.6462716864403797,0.10443331703148322,-0.15441310079235712,0.10070990361761784,1.0034327900937896,0.4729980366690606,-1.0206946399193839e-11,0.8815779931305527,0.3510122710779106,-1.0628679185810197,0.0,0.0,0.0,-1.0206946399193839e-11,-0.3137585013400266,-1.2820549913193393,-0.5538551464456095,0.0,0.0,0.0
0.0,0.6194797005729522,0.10541612278573032,-0.07608653299203855,0.015240053732490346,0.9793055905071916,0.30559494796349274,-1.0206946399193839e-11,0.8259810410005638,0.327460596503384,-1.0889180689341913,0.0,0.0,0.0,-1.0206946399193839e-11,-0.4304565654591335,-1.2748184579243473,-0.6360008831832858,0.0,0.0,0.0
0.0,0.5911443504947174,0.09329368840711161,-0.0017933083286490908,-0.10826953941036077,0.938070697581054,0.10998251699066763,-1.0206946399193839e-11,0.7996091033345029,0.3784746040496131,-1.0848061922893741,0.0,0.0,0.0,-1.0206946399193839e-11,-0.5252587889910119,-1.2571592559977063,-0.6701884307170594,0.0,0.0,0.0
0.0,0.5335484251824254,0.07657200140839299,0.02262990433081382,-0.12329155909038647,0.9086382579462047,0.017803106493838428,-1.0206946399193839e-11,0.8000480876331315,0.37081507311443934,-1.030295653371927,0.0,0.0,0.0,-1.0206946399193839e-11,-0.5593544988524065,-1.2993762340108805,-0.6011826879921486,0.0,0.0,0.0
0.0,0.506060690053886,0.0698419325379224,0.03219192327126945,-0.11000826014584542,0.8916913548313206,0.003376736324495866,-1.0206946399193839e-11,0.807245979254879,0.36246704097869065,-0.9875753074081195,0.0,0.0,0.0,-1.0206946399193839e-11,-0.5411262415675251,-1.3724899892210451,-0.5193308667027358,0.0,0.0,0.0
0.0,0.5151823800818651,0.061820039102220295,0.030162810834366612,-0.13994261585080636,0.863110679136831,-0.008474557353871148,-1.0206946399193839e-11,0.8026509830195965,0.33734405517605365,-0.944905879960034,0.0,0.0,0.0,-1.0206946399193839e-11,-0.5032794313206946,-1.419103053823641,-0.4651272947189148,0.0,0.0,0.0
0.0,0.5301482595996049,0.061457857173476765,0.03772812921638656,-0.18199808614445434,0.8347296784047735,-0.027553265266507143,-1.0206946399193839e-11,0.7822755626362962,0.29857657979352564,-0.9224478268947334,0.0,0.0,0.0,-1.0206946399193839e-11,-0.4615208425059537,-1.4563946508593106,-0.4071485562044414,0.0,0.0,0.0
0.0,0.6012107629327333,0.0546440062402948,0.029327400729044453,-0.26952308652317436,0.8117567960680532,-0.04852529999466437,-1.0206946399193839e-11,0.796354004628298,0.30558010853293266,-0.9675765976967101,0.0,0.0,0.0,-1.0206946399193839e-11,-0.4035351962390621,-1.4288663204230432,-0.3788985334407268,0.0,0.0,0.0
0.0,0.6775060749250353,0.06678039087023215,-0.0027745199504376583,-0.2960689647731449,0.8501644438014093,0.004722731351553655,-1.0206946399193839e-11,0.8295389492122907,0.31799462570096315,-1.0438755405767723,0.0,0.0,0.0,-1.0206946399193839e-11,-0.3102689470490972,-1.3543778126183157,-0.35488643504734746,0.0,0.0,0.0
0.0,0.7552980856619386,0.08590969397962393,-0.08649791033481975,-0.22506452272856503,0.9424124552647584,0.19444518222675455,-1.0206946399193839e-11,0.9224574131816362,0.3336464370955534,-1.1649767230227381,0.0,0.0,0.0,-1.0206946399193839e-11,-0.17449892219672386,-1.2192002620218356,-0.3403503503764476,0.0,0.0,0.0
0.0,0.762238503656031,0.10963185389225358,-0.1744789511040542,-0.04307979850971355,1.0059203343552943,0.4595190866178136,-1.0206946399193839e-11,1.005711264903897,0.30388466286251803,-1.2222424542300918,0.0,0.0,0.0,-1.0206946399193839e-11,-0.06369937232879064,-1.1742407277862135,-0.3279559475567898,0.0,0.0,0.0
0.0,0.7650807328052078,0.12312013382017972,-0.21401659612478818,0.07792532573965295,1.0487057456480613,0.61822693211169,-1.0206946399193839e-11,1.0360954510120757,0.281433029580245,-1.2408286488021953,0.0,0.0,0.0,-1.0206946399193839e-11,-0.027705924914825725,-1.2173331394973144,-0.3495612605447284,0.0,0.0,0.0
0.0,0.7521235225376507,0.110921366378554,-0.21066032024515388,0.14222332514840855,1.049662031615862,0.6541731853793942,-1.0206946399193839e-11,1.0274875799231793,0.29714030628371374,-1.2336530685131075,0.0,0.0,0.0,-1.0206946399193839e-11,-0.10133285463209303,-1.2440968645217374,-0.4362434013092868,0.0,0.0,0.0
0.0,0.6982517694371291,0.09556135784395657,-0.18205241052417712,0.12242709853425043,1.0601887469748117,0.5448739259371784,-1.0206946399193839e-11,0.9751291121426165,0.30724412165344134,-1.1762641111473462,0.0,0.0,0.0,-1.0206946399193839e-11,-0.22083878755405303,-1.3332552602656902,-0.5323342846939083,0.0,0.0,0.0
0.0,0.6374544165874658,0.07384536893238187,-0.10328476677480172,-0.002227181628431829,1.063109449210378,0.2852275894365306,-1.0206946399193839e-11,0.9027144917063433,0.32520866240437013,-1.1449432913137814,0.0,0.0,0.0,-1.0206946399193839e-11,-0.3835751447691882,-1.356470296338648,-0.6034181958763933,0.0,0.0,0.0
0.0,0.5967086695219793,0.05234018806783693,-0.04100691176729403,-0.08858927379866266,1.04699509048688,0.08609951627520118,-1.0206946399193839e-11,0.8302703305551655,0.3825842925469214,-1.04407984302202,0.0,0.0,0.0,-1.0206946399193839e-11,-0.48259580092026466,-1.460939406061672,-0.5876074321478819,0.0,0.0,0.0
0.0,0.5570141338051545,0.04427294015227864,-0.008987550222829297,-0.12148821964031375,1.0528754739492978,0.011533780076220523,-1.0206946399193839e-11,0.8234332016880976,0.405333177346697,-1.021884272184448,0.0,0.0,0.0,-1.0206946399193839e-11,-0.5434503271298836,-1.5300694857279895,-0.5692691188549626,0.0,0.0,0.0
0.0,0.5171741333175175,0.036005567682474426,-0.002235728894747172,-0.07352237565768105,1.022753106911738,0.038012291375826734,-1.0206946399193839e-11,0.8067866621188163,0.43449107711065144,-0.9227019434180848,0.0,0.0,0.0,-1.0206946399193839e-11,-0.5699433174885276,-1.5707963268078893,-0.5051664121586041,0.0,0.0,0.0
0.0,0.45322917536016655,0.04849715832813853,0.0038606522002758094,-0.02108506919992026,1.0127220815078033,0.07619426782624572,-1.0206946399193839e-11,0.7895971878707386,0.44210456364669765,-0.884334872988872,0.0,0.0,0.0,-1.0206946399193839e-11,-0.5939034876736967,-1.570796326808972,-0.44201837593283244,0.0,0.0,0.0
0.0,0.36402475566042275,0.04361247240453639,-0.007050513787520311,0.05738048706252243,0.9650048455273394,0.12197590524431548,-1.0206946399193839e-11,0.7463874170324769,0.505783972582203,-0.7762596323927563,0.0,0.0,0.0,-1.0206946399193839e-11,-0.5693684145851883,-1.5707963268124148,-0.27196371393861235,0.0,0.0,0.0
0.0,0.279712239505618,0.046230026857817255,-0.013588755513617221,0.08620001110196175,0.9161637885131777,0.12013785057616237,-1.0206946399193839e-11,0.6452177375983306,0.5077494186063538,-0.6976095335963737,0.0,0.0,0.0,-1.0206946399193839e-11,-0.5545119886098555,-1.570796326814229,-0.20713699152940127,0.0,0.0,0.0
0.0,0.21737324111612277,0.07625902514588942,-0.013241014736661972,0.08593218733738595,0.8247847270746761,0.080981546313752,-1.0206946399193839e-11,0.5448973929253305,0.35638943384980126,-0.5944937514324183,0.0,0.0,0.0,-1.0206946399193839e-11,-0.5577874159438355,-1.5707963268149752,-0.18402174707314695,0.0,0.0,0.0
0.0,0.16213879240044698,0.09795004446474995,-0.01137610325763867,0.15478347544770787,0.7910266116285352,0.10483505941361482,-1.0206946399193839e-11,0.48445881888665265,0.23789529490043604,-0.555956861457162,0.0,0.0,0.0,-1.0206946399193839e-11,-0.5693523873445951,-1.4644488952640131,-0.1845352291470066,0.0,0.0,0.0
0.0,0.14964717228640834,0.12925321966523567,-0.009699200212465673,0.16172663210767035,0.8097083041540548,0.0828685743310807,-1.0206946399193839e-11,0.4817032186607906,0.33650954348394324,-0.5071443790900624,0.0,0.0,0.0,-1.0206946399193839e-11,-0.5795543369554375,-1.41426269947948,-0.2708772456296183,0.0,0.0,0.0
0.0,0.09597032566345233,0.1411652976181483,0.0034904517304368463,0.16149689524760372,0.8689338672671081,-0.0038417287267153667,-1.0206946399193839e-11,0.45829381076280873,0.5623472901813289,-0.40648489633996465,0.0,0.0,0.0,-1.0206946399193839e-11,-0.6097261098727167,-1.4268259352654062,-0.3179072696249149,0.0,0.0,0.0
0.0,0.08246322663691198,0.17762091269989128,-0.013948710160212718,0.15548904016495413,0.9050466697690512,-0.07851747873914228,-1.0206946399193839e-11,0.44105878423050693,0.7197107091433782,-0.31999323526159623,0.0,0.0,0.0,-1.0206946399193839e-11,-0.5676846111797856,-1.49058628734995,-0.3223649198651573,0.0,0.0,0.0
0.0,0.11486172151506395,0.19486233368412845,-0.07543001074452563,0.18101780052873398,0.9324837498941898,-0.06765390454005879,-1.0206946399193839e-11,0.49054717305325307,0.7686512989314095,-0.2976368416582703,0.0,0.0,0.0,-1.0206946399193839e-11,-0.48545935970491894,-1.5552701201222794,-0.3339932027569093,0.0,0.0,0.0
0.0,0.12184072847165345,0.19385056019540858,-0.12331605158846388,0.12640559891454548,0.9833652488023732,-0.12134566711368489,-1.0206946399193839e-11,0.536914270944555,0.7833943012693051,-0.28669787125888885,0.0,0.0,0.0,-1.0206946399193839e-11,-0.4346173859921544,-1.5103036017107345,-0.34231975242074314,0.0,0.0,0.0
0.0,0.15783376529394003,0.18119120299840882,-0.14649842255194215,0.07796681190926279,1.0005814663352044,-0.141182967089271,-1.0206946399193839e-11,0.587239981302589,0.7668375771281828,-0.2975961987839805,0.0,0.0,0.0,-1.0206946399193839e-11,-0.4126387315945346,-1.5106772393547654,-0.3804978782441286,0.0,0.0,0.0
0.0,0.15987603996821564,0.18952218238238533,-0.15587873685978426,0.055003520810047335,1.002711452682167,-0.16797635544877504,-1.0206946399193839e-11,0.6008547003642359,0.7371042425702865,-0.3162599395478147,0.0,0.0,0.0,-1.0206946399193839e-11,-0.41907353991528273,-1.5035892897568908,-0.376253891532702,0.0,0.0,0.0
0.0,0.16445176461747324,0.2119658373725556,-0.16912295231794344,-0.033983160861932316,1.0475519293267581,-0.22319574722729119,-1.0206946399193839e-11,0.5978504479925236,0.7638211154131447,-0.3275764819641655,0.0,0.0,0.0,-1.0206946399193839e-11,-0.39991924767708464,-1.5243175284060189,-0.3484969396558141,0.0,0.0,0.0
0.0,0.17405033190619718,0.2132665915005272,-0.1853420284350792,-0.09556433662685304,1.0721504470846277,-0.25145922762814665,-1.0206946399193839e-11,0.6092044261417401,0.7740189894900648,-0.35275706887494795,0.0,0.0,0.0,-1.0206946399193839e-11,-0.40547285365554314,-1.5165203608809783,-0.3778323424405074,0.0,0.0,0.0
0.0,0.14392070145654035,0.22862103059887465,-0.19165454968774007,-0.1387432875344916,1.0899489406288154,-0.2373803895507396,-1.0206946399193839e-11,0.5802853969661275,0.7493720443900724,-0.38513462467015136,0.0,0.0,0.0,-1.0206946399193839e-11,-0.4233691562943432,-1.4455685889720442,-0.39833537893117343,0.0,0.0,0.0
0.0,0.11187973530602319,0.23430661303933417,-0.18768308678827778,-0.07550155741022113,1.117212590893054,-0.10963473761055909,-1.0206946399193839e-11,0.5267234826439338,0.7830194181948098,-0.3483262973881449,0.0,0.0,0.0,-1.0206946399193839e-11,-0.46959779389363754,-1.4492303220685037,-0.42457133133761965,0.0,0.0,0.0
0.0,0.17734438644337006,0.21472911172353554,-0.1726464663861804,-0.10922018280936552,1.1685183834396327,-0.05203016929839421,-1.0206946399193839e-11,0.5246264122155613,0.8314295032783784,-0.386145276839562,0.0,0.0,0.0,-1.0206946399193839e-11,-0.49440331068650456,-1.4601061844863448,-0.4545687331590325,0.0,0.0,0.0
0.0,0.1641505682147697,0.1847523503242108,-0.1426426273236893,-0.08593075481940016,1.1739247189082587,-0.03406165785812254,-1.0206946399193839e-11,0.4972358747582145,0.9424603442636407,-0.40289263027583677,0.0,0.0,0.0,-1.0206946399193839e-11,-0.5499257250463266,-1.4618045871182788,-0.473365185276082,0.0,0.0,0.0
0.0,0.09500581509049032,0.20356059863008572,-0.13154662208779996,0.000290747336577472,1.1100792957360577,0.012326930348507016,-1.0206946399193839e-11,0.4617598052029882,0.9304292914150877,-0.45743865720246596,0.0,0.0,0.0,-1.0206946399193839e-11,-0.6073593859872347,-1.4494709413749105,-0.49182052875254256,0.0,0.0,0.0
0.0,0.05489747986243573,0.18043617592807362,-0.10164278579305475,0.016931342748963792,1.0277743823854664,-0.011995027173574254,-1.0206946399193839e-11,0.4234829107021836,1.0551854506179428,-0.4799713557408942,0.0,0.0,0.0,-1.0206946399193839e-11,-0.6709244694084158,-1.5070103250851126,-0.4691961899141748,0.0,0.0,0.0
0.0,0.03593697856619104,0.14445593523569858,-0.07199594601332565,0.0711159955363739,0.9152298298428752,0.046578100322016536,-1.0206946399193839e-11,0.40137486487431373,1.0715900905306068,-0.507610859559928,0.0,0.0,0.0,-1.0206946399193839e-11,-0.7331189595892648,-1.5039573630170722,-0.49511062719766563,0.0,0.0,0.0
0.0,0.022437516589384695,0.09153701435211689,-0.06619697445272252,0.1364627430900487,0.7905503414468869,0.12521173368878877,-1.0206946399193839e-11,0.4108546257882849,1.1205249587305297,-0.48752778814101067,0.0,0.0,0.0,-1.0206946399193839e-11,-0.7695228823273157,-1.5495652359656324,-0.5330016403406042,0.0,0.0,0.0
0.0,0.03126263124248772,0.09098304983359794,-0.06384319085030359,0.18297017114936587,0.7099758631291383,0.20821980587310435,-1.0206946399193839e-11,0.41905458799816286,1.083675426092562,-0.5113038465255195,0.0,0.0,0.0,-1.0206946399193839e-11,-0.7787573357103404,-1.5221681141945358,-0.5826552717168765,0.0,0.0,0.0
0.0,0.05958029100371843,0.10242696869075475,-0.05625147460139345,0.12996116254782103,0.6374548878361116,0.24177682083844163,-1.0206946399193839e-11,0.42657675651516225,1.0745475926387096,-0.511971105722211,0.0,0.0,0.0,-1.0206946399193839e-11,-0.7673109148372884,-1.4957308239323501,-0.599840183390847,0.0,0.0,0.0
0.0,0.07829571378516943,0.08749547740314892,-0.03782706010639895,0.10950713880040627,0.5869085810647768,0.22092696033001039,-1.0206946399193839e-11,0.44002710360816444,1.1017306288866517,-0.4722348897420643,0.0,0.0,0.0,-1.0206946399193839e-11,-0.7842413645132842,-1.478509706324445,-0.6414810407836707,0.0,0.0,0.0
0.0,0.06751903112879946,0.06472865029472358,-0.04206888989663017,0.07938773975646735,0.5197689233776353,0.2216949097657315,-1.0206946399193839e-11,0.4489989180101612,1.1540652062287253,-0.39320527961892027,0.0,0.0,0.0,-1.0206946399193839e-11,-0.7940711151886956,-1.532084212719834,-0.6673074695858815,0.0,0.0,0.0
0.0,0.0779179823528485,0.0567279778032462,-0.03228969125032153,0.016020191746821656,0.49931504712528957,0.1644410299048475,-1.0206946399193839e-11,0.47157889454833657,1.1886528275013313,-0.3635276675746105,0.0,0.0,0.0,-1.0206946399193839e-11,-0.8035503759707046,-1.5494789225736936,-0.717891567828788,0.0,0.0,0.0
0.0,0.10004487075982756,0.05650770212338499,-0.041587368616434396,-0.03782501999377397,0.5112762077262616,0.10935833238416048,-1.0206946399193839e-11,0.5352077034201141,1.2463761901167953,-0.3878230834916181,0.0,0.0,0.0,-1.0206946399193839e-11,-0.7591638897568362,-1.549928800571458,-0.6515852151451688,0.0,0.0,0.0
0.0,0.09192885307499957,0.06474928242601721,-0.049043944190674475,-0.026325018112623333,0.5494606754625906,0.11078877367463047,-1.0206946399193839e-11,0.5751074416675203,1.2466682839487677,-0.40221120063484356,0.0,0.0,0.0,-1.0206946399193839e-11,-0.7352170462072254,-1.524421388406886,-0.6323843706747295,0.0,0.0,0.0
0.0,0.12376644505737207,0.06292701454254314,-0.03960034511874627,-0.03804674695586341,0.5637061222453692,0.05345718208734862,-1.0206946399193839e-11,0.6081590976814166,1.273416683753358,-0.39830411138649274,0.0,0.0,0.0,-1.0206946399193839e-11,-0.7241644020970542,-1.5707963268074114,-0.5766808185909053,0.0,0.0,0.0
0.0,0.14850145044582413,0.05545307969653454,-0.033745592657289845,-0.08003007694348385,0.6002935646686485,-0.025354269922631456,-1.0206946399193839e-11,0.6172380937102958,1.3175875706934153,-0.34280225873376435,0.0,0.0,0.0,-1.0206946399193839e-11,-0.7039089382080855,-1.5707963268077714,-0.5435565602577084,0.0,0.0,0.0
0.0,0.20672761577048307,0.05051288983551334,-0.06041685603776782,-0.11233668392917062,0.6338140354281663,-0.12009634453092533,-1.0206946399193839e-11,0.6657569478873722,1.3503580999308875,-0.2895850283130346,0.0,0.0,0.0,-1.0206946399193839e-11,-0.6490548278351018,-1.570796326807939,-0.5200160847238555,0.0,0.0,0.0
0.0,0.22438582243788568,0.06837253576667413,-0.0860571870125061,-0.13586859296272413,0.6542136753750345,-0.17289785056875928,-1.0206946399193839e-11,0.6832964806880916,1.215537040576118,-0.27853587223719734,0.0,0.0,0.0,-1.0206946399193839e-11,-0.6005800808365958,-1.5707963268083667,-0.48090036218719384,0.0,0.0,0.0
0.0,0.2436067650932137,0.08987530165615415,-0.09922915742006912,-0.11742752508064713,0.6836533936150051,-0.19572203060737525,-1.0206946399193839e-11,0.6919813326843041,1.103688136874346,-0.3199402582329226,0.0,0.0,0.0,-1.0206946399193839e-11,-0.5878501672662959,-1.5707963268083094,-0.48193429784113495,0.0,0.0,0.0
0.0,0.22204800630116983,0.10254208451331037,-0.10797607910595763,-0.07405964129821196,0.717061511244701,-0.16874550016883072,-1.0206946399193839e-11,0.6793587645511149,1.0078778051012252,-0.34197859568317973,0.0,0.0,0.0,-1.0206946399193839e-11,-0.5926924305482,-1.570796326808484,-0.47180127811541933,0.0,0.0,0.0
0.0,0.1847036624250873,0.11332531197244483,-0.11554014349217448,-0.0652700944891178,0.7162194595048188,-0.14486418251861632,-1.0206946399193839e-11,0.6836825145668497,0.9984128473288395,-0.38705903333734015,0.0,0.0,0.0,-1.0206946399193839e-11,-0.6393689999535503,-1.5707963268080942,-0.5070462000368167,0.0,0.0,0.0
0.0,0.13888979764880366,0.12227917460492024,-0.10828166185898859,-0.03666695764881256,0.7376132245997127,-0.142232698103534,-1.0206946399193839e-11,0.6835929370188143,0.9294586035687159,-0.5354067061292819,0.0,0.0,0.0,-1.0206946399193839e-11,-0.7443615140644961,-1.5707963268072402,-0.5956846165250475,0.0,0.0,0.0
0.0,0.1233511743662952,0.12507697004772503,-0.0914441989383354,-0.04027478208238611,0.7884817227512588,-0.1276098267189787,-1.0206946399193839e-11,0.6815717175517986,0.828250251301872,-0.7412580635081412,0.0,0.0,0.0,-1.0206946399193839e-11,-0.8631443327491908,-1.5251425298292272,-0.6780401400144326,0.0,0.0,0.0
0.0,0.09262920449905858,0.12264947685191839,-0.07944722982710889,0.03877651137281782,0.8586045924859388,-0.02773346693857098,-1.0206946399193839e-11,0.7266854196766669,0.6012489291607701,-1.1782672612696898,0.0,0.0,0.0,-1.0206946399193839e-11,-0.9751567736675764,-1.3940295143937926,-0.8582666694771275,0.0,0.0,0.0
0.0,0.0728818145063753,0.1156933755980678,-0.05780827714684788,0.04940557513272753,0.9715428646543742,0.044530516613072176,-1.0206946399193839e-11,0.8530551033683094,0.2533031032208382,-1.7154835144853717,0.0,0.0,0.0,-1.0206946399193839e-11,-1.1427519918366889,-0.6544256500375921,-1.61325152329289,0.0,0.0,0.0
0.0,0.059135224340720154,0.12649658706975814,-0.04557522329832401,0.027257767439996403,1.0621095737555781,0.05864580421927136,-1.0206946399193839e-11,0.9431677102570971,-0.13743076677781174,-2.061524192304089,0.0,0.0,0.0,-1.0206946399193839e-11,-1.2566898481623596,0.17586521335936897,-2.209192128409557,0.0,0.0,0.0
0.0,0.09067357505878035,0.10259073419885738,-0.029057815399182493,-0.11138156037436797,1.098627227131045,-0.012920289185027745,-1.0206946399193839e-11,1.0135162981592014,-0.48156629114952776,-2.2082650674530524,0.0,0.0,0.0,-1.0206946399193839e-11,-1.3330162510440766,0.5788499116776464,-2.2919657242838642,0.0,0.0,0.0
0.0,0.12119654133252976,0.06712665128256634,-0.028870001833583257,-0.17315645755582754,1.113778531237939,-0.031092395736020517,-1.0206946399193839e-11,1.0167907616596716,-0.6368148789269459,-2.26050373912937,0.0,0.0,0.0,-1.0206946399193839e-11,-1.3671205611591697,0.7846732638067616,-2.2599769387173,0.0,0.0,0.0
0.0,0.1742936202770609,0.03926110887201597,-0.041038378967759345,-0.15971842314574358,1.1251900938990573,0.00460238560061299,-1.0206946399193839e-11,0.9670497072377686,-0.7155296917025271,-2.260076158202644,0.0,0.0,0.0,-1.0206946399193839e-11,-1.4032437714472439,0.9968283860934526,-2.2367616060868984,0.0,0.0,0.0
0.0,0.2563401520868623,0.04795580453765242,-0.029876840397780713,-0.21905758664834174,1.1047032375398462,-0.05422865231092722,-1.0206946399193839e-11,0.8541004198265452,-0.7396254771523353,-2.2723230117181634,0.0,0.0,0.0,-1.0206946399193839e-11,-1.4009296167317027,1.0747083325837257,-2.2745132168008038,0.0,0.0,0.0
0.0,0.3484763853648985,0.059079976981261384,-0.0228347644800281,-0.33430691463257434,1.0382016772507434,-0.15816955636915964,-1.0206946399193839e-11,0.7419774347365771,-0.7122561030777195,-2.2365260316061053,0.0,0.0,0.0,-1.0206946399193839e-11,-1.3586638999237057,1.0183331852708597,-2.292010239405545,0.0,0.0,0.0
0.0,0.4035297052130572,0.06558982221269904,-0.028438013022329085,-0.3904378190337412,1.007085759069855,-0.22539655277091386,-1.0206946399193839e-11,0.6659190867282913,-0.683399401138536,-2.224788097236763,0.0,0.0,0.0,-1.0206946399193839e-11,-1.288407823581913,0.9571735906199008,-2.299756526562915,0.0,0.0,0.0
0.0,0.43574515249326556,0.05967928790383362,-0.03259707988733471,-0.4192887662416247,0.981528991409073,-0.30295652790319094,-1.0206946399193839e-11,0.6517061341524635,-0.654070601782229,-2.171707394494623,0.0,0.0,0.0,-1.0206946399193839e-11,-1.3052831281538315,0.8784312434681726,-2.2280468964398663,0.0,0.0,0.0
0.0,0.47191175715271266,0.016998008931082616,-0.01862909329886691,-0.39029196633631935,0.9739609183153703,-0.2998754433897881,-1.0206946399193839e-11,0.6500236597814806,-0.620881930493362,-2.1199028216910634,0.0,0.0,0.0,-1.0206946399193839e-11,-1.3439787115519073,0.9269700726778529,-2.152998186946736,0.0,0.0,0.0
0.0,0.47920049273099324,-0.0013977699370931295,-0.0005752440810501782,-0.3646967206611347,0.9685856551142553,-0.27840800365596596,-1.0206946399193839e-11,0.670499843866898,-0.5979439360002593,-2.1470526257525853,0.0,0.0,0.0,-1.0206946399193839e-11,-1.3788530082782908,1.012224932655491,-2.102711175685773,0.0,0.0,0.0
0.0,0.4203112173892984,0.005542683530265658,0.012760527019586541,-0.3033986719568027,1.0084600258475458,-0.15459934219942806,-1.0206946399193839e-11,0.6915745586754536,-0.6139295858286067,-2.229538194176171,0.0,0.0,0.0,-1.0206946399193839e-11,-1.3206637923546871,1.149335795660729,-2.1571928603884185,0.0,0.0,0.0
0.0,0.3763323869568461,0.016120755315080875,0.019676997318476636,-0.144519731550655,1.0489051766884803,0.019298982534038167,-1.0206946399193839e-11,0.7021165461311941,-0.6398455854924895,-2.3278217049628838,0.0,0.0,0.0,-1.0206946399193839e-11,-1.141718234498308,1.157165626833106,-2.2666549143641492,0.0,0.0,0.0
0.0,0.3569475471155172,0.03859625466359365,0.020610211820188126,0.0034885502908627666,1.0518237086943234,0.16688921492577308,-1.0206946399193839e-11,0.7026831489806185,-0.6589701167315448,-2.400819401462022,0.0,0.0,0.0,-1.0206946399193839e-11,-0.9979699344581194,1.179402962432198,-2.3567175605410347,0.0,0.0,0.0
0.0,0.27948296069197376,0.06550696378479347,0.015543598706049612,0.11190684276142962,1.0339660749353377,0.27352288784182494,-1.0206946399193839e-11,0.736284072670762,-0.7023013605481402,-2.436362439361199,0.0,0.0,0.0,-1.0206946399193839e-11,-0.914472999936293,1.151256316957407,-2.2928301909087088,0.0,0.0,0.0
0.0,0.1988796845365714,0.05277099343167828,0.01912999832120117,0.1796149312729745,1.0300925948805242,0.3166938211044885,-1.0206946399193839e-11,0.8205121992587109,-0.7368619230258768,-2.358754186715266,0.0,0.0,0.0,-1.0206946399193839e-11,-0.9963989396872311,1.0809609535221685,-2.1717010822489864,0.0,0.0,0.0
0.0,0.16389686506449733,0.03368092213095959,0.028657202248428826,0.15797699821791955,1.046132688510257,0.3248798587664872,-0.00044679788032286893,0.9359885460809073,-0.7867262462260801,-2.332153399305925,0.0,0.0,0.0,-1.0206946399193839e-11,-1.0973337718469196,1.0610003011975133,-2.107994782869666,0.0,0.0,0.0
0.0,0.14766240639402098,-0.0014217926535005135,0.023985029939571082,0.14265334225708196,1.079139824681668,0.34074876390838393,-0.061498178687048544,1.0311359665794235,-0.8008056205611458,-2.256149550464361,0.0,0.0,0.0,-1.0206946399193839e-11,-1.205487352702232,1.046530677504492,-2.0134012274309523,0.0,0.0,0.0
0.0,0.18176949019415412,0.010525341153365184,0.021441702391163008,0.03065361094504446,1.0650675015644133,0.24884349886964505,-0.0896305555120267,0.9886247828507947,-0.796361609277819,-2.284246652898851,0.0,0.0,0.0,-1.0206946399193839e-11,-1.1868654634491707,1.0781923492011107,-2.1056446722343254,0.0,0.0,0.0
0.0,0.20697361555148514,0.028219222869090135,0.008770214604983981,-0.011709556080094607,1.0410823868641153,0.20140221945277226,-0.05131666987229977,0.88653535338699,-0.8281706816437152,-2.3721652657827925,0.0,0.0,0.0,-1.0206946399193839e-11,-1.1322832668070189,1.112512442501093,-2.162611313361425,0.0,0.0,0.0
0.0,0.3389503446330359,0.05512972722135831,0.014918976197959573,-0.19260664519034076,1.0111562853510367,0.12535702562796303,-1.0206946399193839e-11,0.7018693730149681,-0.7939176177903232,-2.585221863669101,0.0,0.0,0.0,-1.0206946399193839e-11,-0.9227460460459072,1.183172578546541,-2.478731251461533,0.0,0.0,0.0
0.0,0.3947699451650317,0.0791692292119481,0.010279593823718784,-0.15097825714335622,1.0074080479170808,0.17894617293579174,-1.0206946399193839e-11,0.6027884399833935,-0.6653849096755013,-2.709363589095806,0.0,0.0,0.0,-1.0206946399193839e-11,-0.7676721610791198,1.1131421024315766,-2.6871272060329487,0.0,0.0,0.0
0.0,0.4383350924168854,0.13920294193175753,-0.007617058338790984,-0.10804175340796318,0.9625264178862851,0.2569985341914478,-1.0206946399193839e-11,0.5089053133757147,-0.22279858270304553,-2.675573965614036,0.0,0.0,0.0,-1.0206946399193839e-11,-0.5593606983368807,0.6486539722138255,-2.7839384944506387,0.0,0.0,0.0
0.0,0.3939264793613834,0.1911802936921557,-0.019338318348651056,-0.13988211706293896,0.9290559898920137,0.24734163505842588,-0.022106512421337765,0.42788121903533094,0.1754147554300096,-2.544792166881407,0.0,0.0,0.0,-0.1026420756502624,-0.4860609231578998,-0.02526444341205258,-2.554883148156187,0.0,0.0,0.0
0.0,0.4712715346362188,0.21018246879631758,-0.04822275196539854,-0.1922764974769362,0.8797967608757133,0.3049542850964517,-1.0206946399193839e-11,0.45077094185261823,0.37460350694499267,-2.423811427215223,0.0,0.0,0.0,-0.11334389906985631,-0.40065783886908146,-0.5563029469571028,-2.3240821439824724,0.0,0.0,0.0
0.0,0.499302145196438,0.16738572014557523,-0.06616694520383574,-0.212511350286972,0.9226124372340472,0.3272450848467159,-1.0206946399193839e-11,0.47286937941459317,0.4057021387780702,-2.2905600930796752,0.0,0.0,0.0,-0.07409311047094125,-0.37626816916517625,-0.7820283338316798,-2.2762217518013435,0.0,0.0,0.0
0.0,0.5376748751618518,0.10913123352991015,-0.08855777724562136,-0.23281426986372233,0.9530879397997989,0.3227379542654001,-1.0206946399193839e-11,0.5246411379145233,0.35986522804116244,-2.0042151537926793,0.0,0.0,0.0,-0.017134412733316395,-0.32409281062130446,-0.9978474775322533,-2.2336144495896537,0.0,0.0,0.0
0.0,0.6210169512371498,0.046799180873801055,-0.0783495338014699,-0.30331911922126986,0.9823005747754987,0.2590909269114272,-1.0206946399193839e-11,0.5617017358330526,0.31462150715866305,-2.050753208042795,0.0,0.0,0.0,-0.04924114330027107,-0.2653136543561786,-0.9876764491307527,-2.219735175483735,0.0,0.0,0.0
0.0,0.5995432148939778,0.04285338960426739,-0.07362555128563229,-0.21571115175278965,1.0240233826680187,0.33817980465291075,-1.0206946399193839e-11,0.5650941297331614,0.09413659933733069,-2.2366920729849356,0.0,0.0,0.0,-0.17534388381006893,-0.16769389708929017,-0.9291399630343201,-2.204499308601433,0.0,0.0,0.0
0.0,0.5557727765431797,0.06361203928316742,-0.06826096743714181,-0.11159055227529935,1.0590024819179877,0.42027594925263223,-1.0206946399193839e-11,0.5477121657572117,0.003989123166577941,-2.4238412383902186,0.0,0.0,0.0,-0.357577185072246,-0.11778158895510478,-0.7491008249349306,-2.238715257562055,0.0,0.0,0.0
0.0,0.5199700664170884,0.03511417896816674,-0.08246713132913772,-0.08099871618660615,1.0963786027876257,0.39480445103158246,-1.0206946399193839e-11,0.5223562092304619,-0.12606826000112253,-2.5757423701861044,0.0,0.0,0.0,-0.3314799722454378,-0.03963402919131871,-0.7340546563936401,-2.3164047026346215,0.0,0.0,0.0
0.0,0.5132156546427306,0.018046382977115992,-0.0626105256659491,-0.09148114289247822,1.0827685967583616,0.31905442221681035,-1.0206946399193839e-11,0.45378675659041545,-0.14274600787492747,-2.6501561008148977,0.0,0.0,0.0,-0.2728936683016139,-0.06948330290239382,-0.5459776253056584,-2.456822640984054,0.0,0.0,0.0
0.0,0.4829922612845797,0.006549454096368207,-0.027574082940244382,-0.14172785496880058,1.0238046664770835,0.24215142188808692,-0.003207641187538801,0.35671970357382854,0.009841922536863203,-2.6905722838004578,0.0,0.0,0.0,-0.19000008060966067,-0.09522302753395144,-0.5066082398472453,-2.5534993340358554,0.0,0.0,0.0
0.0,0.3396257991588092,0.01819565056140796,-0.02206081614010406,-0.12614113200597243,0.9520442672045863,0.2299531933150698,-0.021885854306018082,0.33159064304345004,-0.000523165833946704,-2.742052347682804,0.0,0.0,0.0,-1.0206946399193839e-11,-0.12645747112258973,-1.5707963266935707,-2.694169418714771,0.0,0.0,0.0
0.0,0.12900585317085633,0.05645565349334528,-0.08095692855192614,0.0880742722733935,0.8971329611278246,0.4089705026256887,-0.014411917166587518,0.23522004641698846,1.4073051772305156,-2.6275567116393543,0.0,0.0,0.0,-1.0206946399193839e-11,-0.2539983620402295,1.5707963267375415,-2.9709240544702857,0.0,0.0,0.0
0.0,0.06050921794666817,0.08524859266709231,-0.05867959360349247,0.10765391918344011,0.9126091549664834,0.4143235681363961,-0.04734241196871025,0.12027477759664497,1.4986764324833803,-2.2489304196889184,0.0,0.0,0.0,-1.0206946399193839e-11,-0.3875352222826716,1.5707963267612939,-3.100138886064262,0.0,0.0,0.0
0.0,0.07425175108409478,0.1412919115606754,-0.08233360385846915,0.23274472392189113,0.9030402366358249,0.463221050137959,-0.047159770276191004,0.0866676856285205,1.572657310286014,-1.2690005168429423,0.0,0.0,0.0,-1.0206946399193839e-11,-0.36715085031786604,1.5707963267506986,-3.023366166822682,0.0,0.0,0.0
0.0,0.081273911741407,0.15812405232756413,-0.03276222138474553,0.11069509612850563,0.8675633445019847,0.27546693991360416,-0.06489498870784294,0.05275137797627658,1.5986387657453345,-0.8620739015925306,0.0,0.0,0.0,-1.0206946399193839e-11,-0.41443616008399065,-0.17868471312535053,-1.225416105295246,0.0,0.0,0.0
0.0,0.10155165646450719,0.15630349586248507,-0.09510002462402628,0.18452625948605894,0.8165597859043229,0.33472686709257915,-0.047233995812684615,0.1433597784834893,1.629759477563608,-0.3828567744497519,0.0,0.0,0.0,-1.0206946399193839e-11,-0.3807829393342781,-1.0085331931365815,-0.21882305012792003,0.0,0.0,0.0
0.0,0.07024732176927442,0.16265029136817155,-0.1577540096885313,0.2736796997521392,0.7897376927619623,0.3665219202631819,-0.02131931022508926,0.17915328154078927,-0.0,-0.05490542129159632,0.0,0.0,0.0,-1.0206946399193839e-11,-0.33012509352933617,-0.0,-0.05750640407137256,0.0,0.0,0.0
0.0,0.038420489119177906,0.15073944243030282,-0.2316652179822479,0.29060116846176187,0.7385304136835873,0.3556571092949343,-0.03042608158982718,0.2178396690607497,-0.0,-0.06403735343442563,0.0,0.0,0.0,-1.0206946399193839e-11,-0.2851065033632171,-0.0,-0.03256213586568036,0.0,0.0,0.0
0.0,0.15752143196421667,0.1295927134854609,-0.16195814899893782,0.05077762838026513,0.7880005924613298,0.1503075820240845,-1.0206946399193839e-11,0.12099615973382254,1.570796326841087,-0.12739764169553258,0.0,0.0,0.0,-1.0206946399193839e-11,-0.32994078621075545,-0.0,-0.0023985111091590523,0.0,0.0,0.0
0.0,0.16895374129385704,0.14229138976717268,-0.1013833617078801,-0.04363899439269758,0.8345791685331818,0.006392418253870602,-0.030654019098969698,0.010390738421097343,-0.0,-0.04248106413360924,0.0,0.0,0.0,-1.0206946399193839e-11,-0.3855154047376102,-1.5170821073768104,-0.08925615520321147,0.0,0.0,0.0
0.0,0.17515600996717623,0.10111202380140281,-0.04882418659002901,-0.1271697108355747,0.9050335643793215,-0.0805155328113285,-0.0368869265220364,-0.07310925176272444,1.635093551623466,-0.15583145023177836,0.0,0.0,0.0,-1.0206946399193839e-11,-0.4550498182042916,-0.796092763246977,-0.25951562713654747,0.0,0.0,0.0
0.0,0.07239169119948359,0.06669972331992904,0.006700645410347403,-0.11953991185483126,0.9354055066808744,-0.16814214425735008,-0.1486871589631229,-0.18923388029429822,1.647485665487245,-0.6046194735629271,0.0,0.0,0.0,-1.0206946399193839e-11,-0.5844890375495251,0.1426416733077791,-0.6256500630992345,0.0,0.0,0.0
0.0,0.0811268761619801,0.01415011274242783,0.011925191332392185,-0.16719223814112194,0.9440865104048815,-0.21651951075328846,-0.15033326826819415,-0.2456235550455255,1.5644258074410806,-1.0173116612467918,0.0,0.0,0.0,-1.0206946399193839e-11,-0.6859509083078762,0.339523873321917,-1.0639209170799753,0.0,0.0,0.0
0.0,0.09552268573169931,-0.019808691560687354,0.012717425480843203,-0.21755145570561218,0.9530069384606374,-0.23976760799346097,-0.2156107374282885,-0.3646319453613614,1.4115012580952724,-1.604839591033064,0.0,0.0,0.0,-1.0206946399193839e-11,-0.8179801223633119,0.8862770042867174,-2.3345889843259484,0.0,0.0,0.0
0.0,0.06397617857919716,-0.03858004840617876,0.006787188149214222,-0.2136135241296535,0.9173274475622195,-0.18957445985715848,-0.3736293305753451,-0.41699481645144504,1.1342257514839786,-1.9097533270505913,0.0,0.0,0.0,-1.0206946399193839e-11,-0.9567703271262316,1.3393939646796256,-2.7226433725660275,0.0,0.0,0.0
0.0,0.0820047376612021,-0.05271918090853839,0.0019715632349334056,-0.17962071004825075,0.929879515449076,-0.12858837465869533,-0.3139053106881238,-0.41755213966116755,1.1093096483322837,-2.0835705463013916,0.0,0.0,0.0,-1.0206946399193839e-11,-0.927496596498915,1.441308826791866,-2.9282317563007347,0.0,0.0,0.0
0.0,0.08164418973347753,-0.044864976738864595,-0.014401671530566224,-0.11745176275297631,0.981857772938918,-0.06275401010391457,-0.23518951087123163,-0.34447203193837417,1.0768648063198603,-2.258321528064798,0.0,0.0,0.0,-1.0206946399193839e-11,-0.8299178286315331,1.541608574560419,-3.0993925616585347,0.0,0.0,0.0
0.0,0.21060174007159446,-0.011800479762957944,-0.02230411592561893,-0.19776886411245487,1.0338867952530446,-0.018031428141424666,-0.01843322962254712,-0.14970505406159001,1.3190367488744095,-2.5456704055851986,0.0,0.0,0.0,-1.0206946399193839e-11,-0.6057022649650415,1.177006141452846,-2.8769167346214486,0.0,0.0,0.0
0.0,0.25961826178911646,0.03073085943802994,-0.03805232001596373,-0.18108058521852177,1.058911701678599,0.08980236402071107,-0.03474439244076244,0.06001821561967192,0.4977610978291862,-2.6755701337473687,0.0,0.0,0.0,-1.0206946399193839e-11,-0.4301758308146038,-0.6600373504300456,-2.6718711776697255,0.0,0.0,0.0
0.0,0.3135508161183129,0.11390156333740864,-0.03233607863184209,-0.16147459536430286,1.0027294078073172,0.1535330460323081,-0.04064835346558615,0.2702074657372063,-0.34309919681903983,-2.762799945030606,0.0,0.0,0.0,-0.05900398412349395,-0.2772403154702824,-1.038440336928424,-2.3763469469983995,0.0,0.0,0.0
0.0,0.3035208763066,0.22169449162526414,-0.06413880218333536,-0.06669616364736797,0.9052513073085855,0.2935527213291058,-0.14583007127269276,0.3840105795876354,0.6812720658654803,-2.276804351067339,0.0,0.0,0.0,-0.18390358460305478,-0.17273553036579448,-1.2777928470696929,-1.87083063498305,0.0,0.0,0.0
0.0,0.3456137974897728,0.24265334394902863,-0.11554156123184794,-0.08212411330465175,0.7345400817865064,0.3700878239002474,-0.010967932303542316,0.5087191621063119,0.4224235444394533,-0.641526087151641,0.0,0.0,0.0,-0.18506105575904108,-0.06867263892774658,-1.5479332941569235,-1.1718121633198793,0.0,0.0,0.0
0.0,0.37833159343935757,0.2345306291657506,-0.14625978266784284,-0.1646037298179297,0.6962665053041883,0.42479002282780165,-1.0206946399193839e-11,0.5604916884986705,0.39859216256740754,-0.42596614400181054,0.0,0.0,0.0,-0.11507545387938833,-0.019627758988401564,-1.5670356991156802,-0.7315745680260012,0.0,0.0,0.0
0.0,0.3489126329928475,0.24729217878329654,-0.2527186763711864,-0.00802175212848999,0.7308156175305154,0.5939136593089813,-1.0206946399193839e-11,0.6870560918629043,0.2877052387187986,-0.3950366244662439,0.0,0.0,0.0,-0.04861124656847915,0.0934210107310024,-1.5225043305630543,-0.5749093000069867,0.0,0.0,0.0
0.0,0.3755698255164719,0.27608859811875053,-0.26742554559160525,0.04168119028170092,0.7041104190760291,0.6446416967638642,-1.0206946399193839e-11,0.6961755761327192,0.33030852959161416,-0.41577557906664164,0.0,0.0,0.0,-0.08354112578589801,0.11865794551136478,-1.4835264540012072,-0.6140212423524438,0.0,0.0,0.0
0.0,0.45294148911717674,0.281515580896856,-0.3154099131326307,0.04853624201898497,0.6833035410665758,0.6746415715788071,-0.01834222674276642,0.7416239598016506,0.1512688044067862,-0.518879510926243,0.0,0.0,0.0,-0.17136406884040678,0.20789390402791932,-1.473149424347577,-0.6831689490534795,0.0,0.0,0.0
0.0,0.6898660070886079,0.22539600993993844,-0.2795835411202554,-0.13123511606959726,0.8170618486303809,0.6203735211709258,-1.0206946399193839e-11,0.7540554246626783,0.021811545923729775,-0.7735031443327152,0.0,0.0,0.0,-0.37944097093171747,0.20424022513227852,-1.3600375661069812,-0.9841935721044496,0.0,0.0,0.0
0.0,0.9160204415986638,0.10660296106955029,-0.2508953221791546,-0.31742697760578364,0.9260821005837752,0.41247432488562286,-1.0206946399193839e-11,0.8269072779978042,-0.030470593244097507,-1.2536659901742908,0.0,0.0,0.0,-0.5221278513159069,0.10438004380769386,-1.022135576610753,-1.4347274555396832,0.0,0.0,0.0
0.0,0.9630445771637621,0.04754974004549479,-0.21826559138339693,-0.4116122066112906,0.9811052574495154,0.22647783706082159,-1.0206946399193839e-11,0.8435138751327943,-0.09425132291336936,-1.722145229941492,0.0,0.0,0.0,-0.6224924710811024,0.0336724412570877,-0.8405243867013237,-1.5758653792381843,0.0,0.0,0.0
0.0,0.937980731474067,0.00571117427987177,-0.20604177171606933,-0.38140842074157844,0.9867274977303548,0.13629285503662736,-0.016879801381383785,0.8902699731315492,-0.16490220972358505,-1.9606700297298265,0.0,0.0,0.0,-0.7143163058053981,0.038005492013716155,-0.7513347016251455,-1.657081069567481,0.0,0.0,0.0
0.0,0.9069566563063016,-0.0006014946852713468,-0.18805494635093792,-0.43383467845401613,1.0210846643264695,0.10112937302724223,-0.027449205302312762,0.9236118027562605,-0.24625303234143422,-2.094638556784834,0.0,0.0,0.0,-0.8068434825370479,0.0651237947460932,-0.629719109163503,-1.7161398046097995,0.0,0.0,0.0
0.0,0.909270103652372,-0.010688465432719865,-0.15193750914371038,-0.48649937336894,1.0336420486085522,0.04604190398007724,-0.04855585212821989,0.9614592029811379,-0.34101144572863734,-2.1817013979409827,0.0,0.0,0.0,-0.9061185377996814,0.0624515901658389,-0.49755796111787487,-1.7202710127923289,0.0,0.0,0.0
0.0,1.0039262309804506,-0.03618945778241001,-0.11206919816619919,-0.608875265958448,1.0024156076799748,-0.047133538467443614,-0.009281237739329207,0.9943764036353533,-0.47414833503223175,-2.2965495381943404,0.0,0.0,0.0,-1.0028944471140204,-0.02607968998532285,-0.3967708740416384,-1.7308838738844579,0.0,0.0,0.0
0.0,1.0871808267603762,-0.06732436785836927,-0.06891835812179792,-0.68740029765745,1.0238592322026072,-0.08488098183634785,-1.0206946399193839e-11,1.0065464846067578,-0.5245884348471016,-2.324305482156735,0.0,0.0,0.0,-0.9576024637386342,-0.07005574516473306,-0.40059808653243234,-1.735203991805433,0.0,0.0,0.0
0.0,1.1530646311191917,-0.09905524935463177,-0.07962133035157616,-0.6457026242124853,1.0581416842685556,0.002214222700448687,-1.0206946399193839e-11,1.0216735137260138,-0.5091171719431795,-2.304776458342952,0.0,0.0,0.0,-0.9004067886068996,-0.07118788176746685,-0.42331175799222565,-1.6752990177281657,0.0,0.0,0.0
0.0,1.0959036562833815,-0.10564101011489631,-0.09460822515029517,-0.5296703395554943,1.116961807963298,0.16043530059489441,-1.0206946399193839e-11,1.000371425258713,-0.46404588989942047,-2.2560053052024593,0.0,0.0,0.0,-0.7012785537511634,0.04505149693831732,-0.5845522099097529,-1.6407523125122,0.0,0.0,0.0
0.0,0.933067493239049,-0.10186849346502122,-0.12078492884762856,-0.15809278078842226,1.198272717143194,0.43219497185512523,-1.0206946399193839e-11,0.954686983184819,-0.3769597155529921,-2.1573131032028527,0.0,0.0,0.0,-0.47605122637255404,0.10705511342409452,-0.6953361889632296,-1.6485823645567068,0.0,0.0,0.0
0.0,0.7747576959916727,-0.09290359688777142,-0.15601222926305677,0.17726443149365192,1.1367982182761152,0.6565868905943457,-1.0206946399193839e-11,0.9241104735611158,-0.3757557576760091,-1.9868106700962624,0.0,0.0,0.0,-0.0351937274487919,0.1332935194597612,-1.1769032843514458,-1.2488226379222014,0.0,0.0,0.0
0.0,0.6200936850712995,-0.04952073743481688,-0.21142510933776915,0.45104162167224243,1.0578617253996163,0.8041694335711089,-1.0206946399193839e-11,0.8886653314656549,-0.4330208633781085,-1.8093224882728627,0.0,0.0,0.0,-1.0206946399193839e-11,0.029582864369453364,-1.4402970997203148,-0.21503155622473455,0.0,0.0,0.0
0.0,0.447116787323517,0.027020159537747345,-0.25193900430829846,0.5235698265714984,0.891542108107216,0.7823391811995422,-1.0206946399193839e-11,0.8421900778053607,-0.5971872312445143,-1.6110276458184196,0.0,0.0,0.0,-1.0206946399193839e-11,-0.14369664488557554,-0.0,-0.04448868246619745,0.0,0.0,0.0
0.0,0.45199493380262107,0.057521296843004055,-0.23676726960680505,0.46144298490336355,0.8708617095302323,0.8060443902735854,-1.0206946399193839e-11,0.7902201726465897,-0.6177342899501752,-1.404106373808504,0.0,0.0,0.0,-1.0206946399193839e-11,-0.26324376323187465,-0.0,-0.012828391283276909,0.0,0.0,0.0
0.0,0.4718387861721191,0.058113258721946386,-0.16466223957248685,0.5363078429305976,0.9547933573287103,0.7586193969492001,-1.0206946399193839e-11,0.7706252841302849,-0.5379346942577178,-1.2547213810045887,0.0,0.0,0.0,-1.0206946399193839e-11,-0.5001919405250708,-0.0,-0.027236367847042278,0.0,0.0,0.0
0.0,0.4435359135423364,0.0342757653936985,-0.1504003097052224,0.5142410647855062,1.0217737288425757,0.7501820375820931,-1.0206946399193839e-11,0.7509084997789086,-0.5121592084875107,-1.19924257989997,0.0,0.0,0.0,-1.0206946399193839e-11,-0.7236004807866303,-0.0,-0.06316814448526178,0.0,0.0,0.0
0.0,0.37784106884142127,0.0046367655265026585,-0.1296646262802488,0.6012635389395273,1.1117864577605288,0.7699438308944682,-1.0206946399193839e-11,0.7766703677198254,-0.5321100300785324,-1.1753035657256357,0.0,0.0,0.0,-1.0206946399193839e-11,-1.0935017109423009,-1.5707963268226333,-0.1030163162891185,0.0,0.0,0.0
0.0,0.3152808715240696,-0.045672867464650796,-0.13683666885725973,0.5522482184254589,1.1554011031751033,0.6780757994107331,-1.0206946399193839e-11,0.8268193938848075,-0.5470140750734391,-1.225642721877737,0.0,0.0,0.0,-1.0206946399193839e-11,-1.3465725576543228,-1.5707963268136258,-0.09605153083382306,0.0,0.0,0.0
0.0,0.30363866256633776,-0.051000002436870556,-0.13840014547752935,0.5963242260806634,1.1484297987759764,0.6954530077548378,-1.0206946399193839e-11,0.8807709997355033,-0.5676628296879079,-1.314696919766859,0.0,0.0,0.0,-1.0206946399193839e-11,-1.4744697830656175,-0.0,-0.044264870665676706,0.0,0.0,0.0
0.0,0.330460989237436,-0.04063814570393818,-0.09997071272425635,0.44080888380510946,1.1285220707507968,0.5179352377718672,-1.0206946399193839e-11,0.8926877386941626,-0.543099573839122,-1.474896637020107,0.0,0.0,0.0,-1.0206946399193839e-11,-1.5223113308850778,-1.5707963268069427,-0.08794477251621603,0.0,0.0,0.0
0.0,0.3717759231383288,-0.007972990535403674,-0.048771796696373694,0.24694458725237595,1.0915378472252713,0.32307329289718395,-1.0206946399193839e-11,0.8904836787962248,-0.5655494538638505,-1.6576899723221437,0.0,0.0,0.0,-1.0206946399193839e-11,-1.4926440080339036,-1.570796326809143,-0.15573783605669422,0.0,0.0,0.0
0.0,0.41729037028619886,0.003846331724136631,-0.02589892538276921,0.12702225905028003,1.0686576779051142,0.25048293176254854,-1.0206946399193839e-11,0.8400207178931632,-0.5913091327429338,-1.7689343803100863,0.0,0.0,0.0,-1.0206946399193839e-11,-1.32542062857855,-1.570796326829433,-0.2487550331680924,0.0,0.0,0.0
0.0,0.5124781252616188,0.009557120133438096,-0.008128258867719519,0.023550780104610602,1.0758441470366529,0.2265415754199505,-1.0206946399193839e-11,0.7671184294467954,-0.6161417673947439,-1.938496856680979,0.0,0.0,0.0,-1.0206946399193839e-11,-1.0027064208677203,-1.570796326943645,-0.30990084460835765,0.0,0.0,0.0
0.0,0.6618922706215562,0.041520124082262196,0.019736415992782978,-0.1619035928367487,1.0233374999502605,0.1675152726200766,-1.0206946399193839e-11,0.701590038485092,-0.5933172242497221,-2.100714645780751,0.0,0.0,0.0,-1.0206946399193839e-11,-0.5441754466333398,-1.5707963268890857,-0.25115571735622905,0.0,0.0,0.0
0.0,0.8112288285781881,0.07433330586669996,0.03943132448229824,-0.3643556110446706,0.9043934265968581,0.13436059904259157,-1.0206946399193839e-11,0.6778307345336055,-0.5545115180952613,-2.178148492432251,0.0,0.0,0.0,-1.0206946399193839e-11,-0.2542864651636735,-0.0,-0.0650179750643084,0.0,0.0,0.0
0.0,0.9254794443085379,0.10051740668709364,0.12004172708030704,-0.656895186103533,0.6833799431868925,0.04429673410693624,-1.0206946399193839e-11,0.6433238235499079,-0.5216455599807481,-2.261688155460205,0.0,0.0,0.0,-0.17398652198767373,-0.2576348260293971,-1.8842206144761091,-0.2579261228785163,0.0,0.0,0.0
0.0,1.0132750774597998,0.11247087452584015,0.15037727263944167,-0.9664207412061279,0.6311189957491976,0.19486387282755402,-1.0206946399193839e-11,0.6294788541118604,-0.4505563386900922,-2.3046272586700174,0.0,0.0,0.0,-0.33610954633633483,-0.24592835395739032,-1.5753933128747273,-0.38922940930294647,0.0,0.0,0.0
0.0,1.0096860912269485,0.12486514616300635,0.1612860944938302,-0.9326394271785672,0.6064639320031802,0.2629474026036842,-1.0206946399193839e-11,0.5635539050645808,-0.2677019098086238,-2.3060502849193276,0.0,0.0,0.0,-0.4357230708506892,-0.2255200118582916,-1.2817695725417315,-0.6988785391907131,0.0,0.0,0.0
0.0,0.9458159804027062,0.14268224891778017,0.13847694997909007,-0.7920038226949657,0.6456691778091628,0.41703181498683417,-1.0206946399193839e-11,0.5557116695833553,-0.07205273619690394,-2.2289921881561137,0.0,0.0,0.0,-0.5164695261061389,-0.11619793947873422,-1.0802328977465692,-1.1852005877005802,0.0,0.0,0.0
0.0,0.9077377198575135,0.148901183933808,0.1416306340220915,-0.7754292415118869,0.66311982361497,0.48929675097297665,-1.0206946399193839e-11,0.48097539948839013,0.09751754498852168,-2.248911277893138,0.0,0.0,0.0,-0.5921240387650379,-0.07494610005073138,-0.8874137398395321,-1.639057489434114,0.0,0.0,0.0
0.0,0.8265836995878398,0.11038446258636685,0.08063152527589577,-0.5990937070974445,0.8074588361633648,0.5173672084572791,-1.0206946399193839e-11,0.4808518364046589,0.18263363827442353,-2.143037465223134,0.0,0.0,0.0,-0.4783426915982254,0.03151211556931199,-0.7863722142812793,-2.029949383538263,0.0,0.0,0.0
0.0,0.7855039820991957,0.056994948213264375,0.018720573601450265,-0.5405272347297823,0.8949019400339919,0.47505175799763144,-1.0206946399193839e-11,0.5047090471634481,0.30710763322623774,-1.9659391865884723,0.0,0.0,0.0,-0.3554765055917075,0.03271772153826031,-0.7627402051917621,-2.3397619867437647,0.0,0.0,0.0
0.0,0.6659977537360267,-0.0038921653379633842,-0.08753503532037464,-0.33854206558210986,0.9904120790903219,0.4525238386904338,-1.0206946399193839e-11,0.614024067578475,0.34123604743443264,-1.6715924401350655,0.0,0.0,0.0,-0.012656116853359212,-0.05718496183832152,1.4049616521142556,-2.8679215415618815,0.0,0.0,0.0
0.0,0.5481784886059715,-0.020978251240043367,-0.13441015933962328,-0.30708521674920286,1.0787103345349456,0.40338775511039504,-1.0206946399193839e-11,0.6344469731878035,0.3771603124055583,-1.5116551781912513,0.0,0.0,0.0,-1.0206946399193839e-11,-0.3608192330155794,1.3833548097505686,-2.9061565038364288,0.0,0.0,0.0
0.0,0.4143439053872584,-0.02964911935401433,-0.16034051889157647,-0.3864509485485135,1.0790374202750446,0.17407858237951324,-1.0206946399193839e-11,0.6121757323538769,0.2971623184581124,-1.5919038919936845,0.0,0.0,0.0,-1.0206946399193839e-11,-0.8071749061453399,1.275183820245707,-2.3251904751549852,0.0,0.0,0.0
0.0,0.3225292605030239,-0.03659947829664807,-0.14158772277623438,-0.49338141023940185,1.017762310551177,-0.05626619681814127,-1.0206946399193839e-11,0.5958302305364562,0.0927848322031214,-1.9440164880080708,0.0,0.0,0.0,-1.0206946399193839e-11,-1.1999294729189873,1.0434364418937905,-2.028719081934506,0.0,0.0,0.0
0.0,0.23037192778239313,-0.022068702274363073,-0.1330688074876212,-0.4904379889711241,0.9749078653756431,-0.16225432495550596,-1.0206946399193839e-11,0.5870536300787482,-0.03335432474083323,-2.127869035497064,0.0,0.0,0.0,-1.0206946399193839e-11,-1.439171055250011,0.8659420643670921,-2.0310794675844432,0.0,0.0,0.0
0.0,0.21936509437133478,-0.03880416557455947,-0.12575809672476843,-0.5148132822956843,0.9821756480781723,-0.23622219442739123,-1.0206946399193839e-11,0.5832041961451321,-0.08063602470563702,-2.2033064914912757,0.0,0.0,0.0,-1.0206946399193839e-11,-1.5013921811661717,0.8171986458742585,-2.130432123527067,0.0,0.0,0.0
0.0,0.26705241523603224,-0.06903468176055745,-0.14928713764389076,-0.5510644829224867,1.0226348996986854,-0.2380843640231669,-1.0206946399193839e-11,0.5778539154872471,-0.058086200202577994,-2.1222304612596528,0.0,0.0,0.0,-1.0206946399193839e-11,-1.5771749088379725,0.6698661114641239,-2.0359103238880842,0.0,0.0,0.0
0.0,0.29010286994721657,-0.0913828804408349,-0.16387258915249237,-0.5911171728377065,1.0848757981164994,-0.23682141790732514,-1.0206946399193839e-11,0.5871596063379723,-0.07091190963775262,-2.1237938399227763,0.0,0.0,0.0,-1.0206946399193839e-11,-1.6685077522416738,0.7855022929128231,-1.9519166097022427,0.0,0.0,0.0
0.0,0.3251556279954504,-0.09999541769851315,-0.18767757757261233,-0.6386786281311947,1.1445690650923783,-0.23184750369797857,-1.0206946399193839e-11,0.6189096753899799,-0.13662967292340322,-2.1375824450501337,0.0,0.0,0.0,-1.0206946399193839e-11,-1.8337802984647198,0.9119385537307744,-1.6490815169552036,0.0,0.0,0.0
0.0,0.3860173077822226,-0.0691083529590041,-0.23265941397014986,-0.684655240565148,1.2179709529155023,-0.18852749876952757,-1.0206946399193839e-11,0.6877553839026513,-0.05731872078729822,-2.177360176389864,0.0,0.0,0.0,-3.1415926536,-1.8188535009618902,-1.8863546660700785,-1.2524461460812268,0.0,0.0,0.0
0.0,0.427251040596126,-0.021618652997649108,-0.2703853411743832,-0.7221154591758951,1.2854640158345632,-0.12803623102937234,-1.0206946399193839e-11,0.7311498172210796,-0.015994169524318654,-2.1927348976627936,0.0,0.0,0.0,-2.9175297489163214,-1.5793898387946768,-1.4386311486304428,-0.8549044310237297,0.0,0.0,0.0
0.0,0.46407575142326474,0.02933989185309941,-0.3025684619583721,-0.6333766394042786,1.310606771822452,0.077367877147692,-1.0206946399193839e-11,0.7531842253652095,-0.01783265131302148,-2.269587933315579,0.0,0.0,0.0,-2.8918121590061787,-1.428285885496794,-1.29866434654648,-0.62522192162207,0.0,0.0,0.0
0.0,0.48544517692170563,0.08374530635373321,-0.31303878786554584,-0.540218973757121,1.3081024998389994,0.3135587183805182,-1.0206946399193839e-11,0.7205364318643868,0.02466617031440224,-2.3305398778715567,0.0,0.0,0.0,-2.921610014812894,-1.3649318092799554,-1.3210932747677737,-0.583353331799037,0.0,0.0,0.0
0.0,0.5340954946629553,0.09991389156854262,-0.3003479136810559,-0.6379569346396763,1.228011433820419,0.25541173644797777,-1.0206946399193839e-11,0.6958997747346962,0.004235784265611507,-2.360567528072038,0.0,0.0,0.0,-2.900984928642658,-1.4520074175227382,-1.3183449452538263,-0.7905452395085776,0.0,0.0,0.0
0.0,0.6056508244747277,0.11054780254764511,-0.27205165003996157,-0.6778968378749326,1.1432542752493058,0.2049482394188189,-1.0206946399193839e-11,0.6649895306447108,-0.07674813544432066,-2.319596122723157,0.0,0.0,0.0,-2.9924481639789025,-1.6625332931583783,-1.441630305559101,-1.116550178556732,0.0,0.0,0.0
0.0,0.6247150562874804,0.14781604557751807,-0.22908377006984904,-0.6532843416704992,1.0246319724567483,0.16023194287716613,-1.0206946399193839e-11,0.6241701536741361,-0.10641611069165825,-2.2881821647852143,0.0,0.0,0.0,-1.0206946399193839e-11,-1.8634901262287085,1.4302863371971608,-1.6264619814676273,0.0,0.0,0.0
0.0,0.6316145725704514,0.15411561119091613,-0.18654386906704795,-0.6285776978355955,0.954364577939546,0.1178779520228872,-1.0206946399193839e-11,0.5880745206492236,-0.13315645361989462,-2.1749195280156846,0.0,0.0,0.0,-1.0206946399193839e-11,-1.596332457319776,1.2752255128980563,-2.05415291117939,0.0,0.0,0.0
0.0,0.6047583119977142,0.14984521106795906,-0.16421601587012546,-0.6003255311783287,0.8532835574658932,0.09565251301706201,-1.0206946399193839e-11,0.5661666475166651,-0.1528256945416379,-2.1414752340323515,0.0,0.0,0.0,-1.0206946399193839e-11,-1.4632174158837472,1.0821907344881363,-2.294080122390495,0.0,0.0,0.0
0.0,0.5132218415438731,0.12168973854190687,-0.16505461269053848,-0.4700606774929428,0.8482490289864373,0.09317117504922567,-1.0206946399193839e-11,0.5785890293195076,-0.11736177482518055,-2.0034365422220652,0.0,0.0,0.0,-1.0206946399193839e-11,-1.4063912850593376,0.8974720602152659,-2.463409986393928,0.0,0.0,0.0
0.0,0.47579306303283914,0.09357858441742423,-0.15968629922443442,-0.4615277835838749,0.8309537431677052,0.09765452656165774,-1.0206946399193839e-11,0.5863985211405688,-0.23012886333380936,-2.0794239998143604,0.0,0.0,0.0,-1.0206946399193839e-11,-1.3966947433262231,0.7740637450692078,-2.7197802939247078,0.0,0.0,0.0
0.0,0.454839634993982,0.08807163438571337,-0.15226140071428212,-0.4465302800558142,0.8107006222241147,0.10238813978749928,-1.0206946399193839e-11,0.5928243769028115,-0.22557425878578977,-2.1367432110394478,0.0,0.0,0.0,-1.0206946399193839e-11,-1.414502914997732,0.589161360113111,-2.82073718999092,0.0,0.0,0.0
0.0,0.43626628498921455,0.06577925511641963,-0.1533002444752858,-0.44799585759319127,0.8065274250886425,0.10130472296950366,-1.0206946399193839e-11,0.593763645876577,-0.29477020187654285,-2.1368857225581968,0.0,0.0,0.0,-1.0206946399193839e-11,-1.4980342950836758,1.125057062849843,-2.8483818873433937,0.0,0.0,0.0
0.0,0.4153319596276976,0.03966075077004015,-0.1603434993491128,-0.4445383843213193,0.8667078522224294,0.08911353083751905,-1.0206946399193839e-11,0.6190481796453686,-0.34793473567363986,-2.187349940635362,0.0,0.0,0.0,-1.0206946399193839e-11,-1.6515022178763241,1.292707261735807,-2.4216981310274086,0.0,0.0,0.0
0.0,0.38147072139892974,0.026163779303312495,-0.1861001444810169,-0.4235356524699605,0.9265402994037171,0.08533247443033964,-1.0206946399193839e-11,0.6598352253071162,-0.44939243364043946,-2.2963935624805005,0.0,0.0,0.0,-1.0206946399193839e-11,-1.7415494392720576,1.3246661796818437,-2.103092130237267,0.0,0.0,0.0
0.0,0.3931687893041602,0.0014481921467402244,-0.2381016123531179,-0.41732585466179284,0.9678888003974588,0.11845250481719205,-1.0206946399193839e-11,0.738541167616905,-0.5707825977387511,-2.3525074524384486,0.0,0.0,0.0,-1.0206946399193839e-11,-1.9001962622349775,1.2980051823465995,-1.6885101605655357,0.0,0.0,0.0
0.0,0.39946720827810206,0.003389399812440375,-0.2638583552516109,-0.3985393203775027,0.9771654151412896,0.1508259205360325,-1.0206946399193839e-11,0.7611617992899291,-0.6172273055362776,-2.420511435975456,0.0,0.0,0.0,-3.0590548165498617,-1.7788803233161947,-1.68330986478186,-1.3171514110147327,0.0,0.0,0.0
0.0,0.40994617728615973,-0.018127757682743495,-0.3088910218556468,-0.38338612545944617,1.0155175346189491,0.24184122674863495,-1.0206946399193839e-11,0.8150693857395291,-0.6509574351220602,-2.419733127188389,0.0,0.0,0.0,-2.7833339923962397,-1.54575229639815,-1.2994131700126124,-0.8762627394137397,0.0,0.0,0.0
0.0,0.384923354024018,-0.016347522342890827,-0.35644357965937484,-0.29311155201758554,1.0400236295621834,0.36169493831013,-1.0206946399193839e-11,0.8434284212276436,-0.6769143260509399,-2.4518983199638376,0.0,0.0,0.0,-2.743910832719356,-1.440042043158089,-1.2428810683140978,-0.6307517771248846,0.0,0.0,0.0
0.0,0.40884010779637137,-0.012652209008312282,-0.3595679884858707,-0.3071328907710371,1.0540301590925854,0.3781181370825131,-1.0206946399193839e-11,0.839533027365356,-0.6020073792954896,-2.382013773787491,0.0,0.0,0.0,-2.7291573736198096,-1.4394835768439762,-1.2569506204314769,-0.5809824784713704,0.0,0.0,0.0
0.0,0.4684508942684199,-0.01899079943679281,-0.3709280435838041,-0.3841394518815764,1.0497724635492292,0.3682743990448216,-1.0206946399193839e-11,0.8718767538795772,-0.5885010523627472,-2.3927221234524643,0.0,0.0,0.0,-2.6881822049670228,-1.4644043813505252,-1.2236384838172736,-0.6267633987576536,0.0,0.0,0.0
0.0,0.4808658872916833,-0.0161658973149958,-0.3426790970203618,-0.4035452026516477,1.0519203714118142,0.3362549250054876,-1.0206946399193839e-11,0.8963376159274896,-0.4368664973059579,-2.326629280524508,0.0,0.0,0.0,-2.483108064672871,-1.4869766592108042,-1.04381885144894,-0.7583850899584293,0.0,0.0,0.0
0.0,0.48156840592679406,-0.013745680150130675,-0.2958361247787699,-0.3901841362217615,1.0534788480563666,0.31121034908322365,-1.0206946399193839e-11,0.9234103477686453,-0.345922353457519,-2.239444493698494,0.0,0.0,0.0,-2.3963746908222974,-1.4795800590322143,-0.9567292144017007,-0.8539115911350325,0.0,0.0,0.0
0.0,0.4721194246416737,-0.012361872732520854,-0.23757046079991387,-0.35444198577387986,1.0435670624192221,0.2907466115967301,-1.0206946399193839e-11,1.0129723633528116,-0.360247207411737,-2.244629250242743,0.0,0.0,0.0,-2.379516181488909,-1.4570929338073646,-0.9505327197188915,-0.9424584378413473,0.0,0.0,0.0
0.0,0.42025997093212597,0.021313297446925998,-0.1897366778391292,-0.21114502641728716,1.0547553955545341,0.3297330958496385,-0.05340933517818591,1.136347886298141,-0.5911295671068381,-2.32310357060812,0.0,0.0,0.0,-2.463873793389178,-1.3970504189684012,-0.9934570495518732,-0.9895857511638348,0.0,0.0,0.0
0.0,0.38646979328585535,0.037381234442912525,-0.142978486433461,-0.1093018587980894,1.055960768127206,0.3840464466489113,-0.44190592821176056,1.291110254339568,-0.46812270846309445,-2.129905666270068,0.0,0.0,0.0,-2.4958749635231965,-1.3018307664487405,-1.0502777791616813,-1.0253410039323987,0.0,0.0,0.0
0.0,0.3891787110749535,0.06747399004955798,-0.10527462429743303,-0.07383125625875886,1.0014404124563292,0.37324333530469467,-0.7605110820008663,1.3331026440894356,-0.24865144512891116,-1.9604242490739485,0.0,0.0,0.0,-2.4983629183434033,-1.2322481234044538,-1.0415707545575226,-1.0909022701883229,0.0,0.0,0.0
0.0,0.364339615737486,0.07138393858112044,-0.06802564323178782,-0.0781090027498994,0.9976758252505622,0.3347421998824327,-1.0105601236402015,1.371499855469745,0.00261746419192423,-1.8084362647349628,0.0,0.0,0.0,-2.4952886921917825,-1.1541437413787654,-1.1076238651921018,-1.1317300368688024,0.0,0.0,0.0
0.0,0.3479208158877738,0.06896750545063694,-0.06231180434557586,-0.07023470603986004,0.9885564276830268,0.3236500203354087,-1.133300015660926,1.372402537315666,0.09926177333060969,-1.7949673938634494,0.0,0.0,0.0,-2.4238605168007417,-1.0889728474948963,-1.1010894156979432,-1.209646966275365,0.0,0.0,0.0
0.0,0.3347554424091326,0.09626670906668892,-0.04716495926924927,-0.04179182387720992,0.9591136686001338,0.32208049026657193,-1.2347213940410686,1.4023108605604955,0.09323039103680503,-1.8673414989552817,0.0,0.0,0.0,-2.409128727789735,-0.9595460841550505,-1.1576034670459818,-1.3244784524493396,0.0,0.0,0.0
0.0,0.36707120676380917,0.12869063146144155,-0.06203579954433215,-0.019342271575507386,0.9260608793592748,0.35211083992142367,-1.1086209021613502,1.3783317374588864,-0.19414572145095427,-2.0988393311350975,0.0,0.0,0.0,-2.420490266805297,-0.918417055484819,-1.2556223674114528,-1.4760226228939521,0.0,0.0,0.0
0.0,0.41101768666241717,0.1307435156028301,-0.1163190952554928,0.020221700125441642,0.8741118327430251,0.4444994395089447,-0.6967624730242967,1.1995705836888815,-0.5620430466840645,-2.480227825340195,0.0,0.0,0.0,-2.4597473760334845,-0.9289944831932129,-1.3587259440785642,-1.5712440962791407,0.0,0.0,0.0
0.0,0.45521720969672763,0.12974440964380837,-0.16328978609277053,-0.0361022507178852,0.8557124844964736,0.4862337342863645,-0.3852362388336492,1.1332351263384788,-0.8903910592149586,-2.805187324381366,0.0,0.0,0.0,-2.5452840746342043,-0.9481606977605274,-1.4965100385411434,-1.9785150686058013,0.0,0.0,0.0
0.0,0.4850075879316654,0.08904000437418046,-0.2800248387428437,-0.03413607038394817,0.8575379876245339,0.6194138783225611,-0.22484611899912954,1.1352958601911658,-0.9147153522183649,-2.884460615216194,0.0,0.0,0.0,-2.534816711673306,-1.0000077584356395,-1.3041831321374726,-1.9063871622427373,0.0,0.0,0.0
0.0,0.5490454077599404,0.04478999039226332,-0.3449440215057179,-0.11735630833024091,0.824606436615384,0.6048485519939018,-0.13081221391837383,1.1616116156073792,-0.7193849611469497,-2.8472014396230354,0.0,0.0,0.0,-2.537811364880259,-1.036825155456324,-1.20887779778482,-1.7616528278899077,0.0,0.0,0.0
0.0,0.6096482502409765,0.02177635123969709,-0.3341652502533129,-0.23135876742479056,0.8344603068480945,0.5021996962853716,-0.14649257329182852,1.1985810484478392,-0.3838911693250228,-2.687858242048135,0.0,0.0,0.0,-2.6351717946001716,-1.0186202341067399,-1.213952580981057,-1.552168962237022,0.0,0.0,0.0
0.0,0.5926481205037436,0.01786649420048715,-0.2529803308038113,-0.24323097080018963,0.9066243017041815,0.43675806860585276,-0.3285046354410337,1.2272284184436193,-0.5764591974481827,-2.7136436259855174,0.0,0.0,0.0,-2.6846691414152626,-0.9451423322206326,-1.0362054297531742,-0.7592509930436793,0.0,0.0,0.0
0.0,0.6371713591436781,0.03465068112986423,-0.1438455897047262,-0.3798370512932556,1.0031870703787646,0.3585661225069092,-1.101799268615271,1.3466332114168595,-0.013797526961745445,-2.054302774896837,0.0,0.0,0.0,-2.7027437236108534,-0.7960847328724535,-1.0071527694263134,-0.6433446227812949,0.0,0.0,0.0
0.0,0.6605537237565356,0.03076179939050595,-0.08125942729109326,-0.5162524830660691,1.0715851511383327,0.26217681753770883,-1.9751501424110005,1.1928420222315104,0.813158466219085,-1.363453051310079,0.0,0.0,0.0,-2.688270255655275,-0.7013659763848432,-1.008793332851494,-0.671639592500744,0.0,0.0,0.0
0.0,0.7713782778848395,0.028916913557797397,0.009986155580200091,-0.7577067773520181,1.122482863818389,0.06674548782258682,-2.4529099698171954,0.961206233593517,1.3425543275188432,-0.8704154729685214,0.0,0.0,0.0,-2.5888033641787427,-0.674671345625423,-1.1193118147105634,-0.736816351683712,0.0,0.0,0.0
0.0,0.767414915206367,0.04188801360041622,0.0557676665304507,-0.9270809795899795,1.1190959454186364,-0.1840518494944945,-2.720793251104966,0.7615315410789129,1.6086574605423596,-0.6212405758845466,0.0,0.0,0.0,-2.597379493298276,-0.6576061985719751,-1.165611901835698,-0.6327571731934426,0.0,0.0,0.0
0.0,0.7948264057512904,0.07500083809803788,0.11692298473739067,-1.022609625651841,1.060496548767266,-0.2570680141885342,-2.952498513430478,0.5822348442211562,1.8024391616510589,-0.42231687300830983,0.0,0.0,0.0,-2.6474985604764028,-0.628954728716191,-1.2092504927986838,-0.6351986046896682,0.0,0.0,0.0
0.0,0.7160839173459194,0.09823512105291297,0.15803304060850912,-1.023900475009253,0.9792325165813658,-0.31649283453841814,-3.0003470841906594,0.5083581956205584,1.7540526350521817,-0.30941828848051023,0.0,0.0,0.0,-2.688650542555054,-0.5913581711653849,-1.1954933000365426,-0.6232894898904392,0.0,0.0,0.0
0.0,0.5355381902934582,0.14195846350559874,0.18004378371418867,-1.016195902598561,0.9689715591010906,-0.40705592303423277,-2.991003399595149,0.47181116992362543,1.5288311245958577,-0.2786563071415162,0.0,0.0,0.0,-2.706465278293683,-0.5632837993550702,-1.1811683309552352,-0.7083718901976135,0.0,0.0,0.0
0.0,0.4759143306722514,0.19453082991363418,0.20763601840299778,-0.9894979936190458,0.9229419687886988,-0.42960263246951724,-2.985882968687002,0.46025264486791045,1.3670010796378558,-0.35691868993998693,0.0,0.0,0.0,-2.7140525506531348,-0.5870422242065017,-1.176940193893835,-0.8131181134046928,0.0,0.0,0.0
0.0,0.4894886698024134,0.22102146584277318,0.2343651505444593,-0.862942686852624,0.924098720250897,-0.3634677912707871,-2.991086063120249,0.4792480710367034,1.3772916677600637,-0.48859837123620986,0.0,0.0,0.0,-2.70136172378057,-0.724706832204671,-1.2838787308236477,-1.0721346399433034,0.0,0.0,0.0
0.0,0.504162296024591,0.23677807648051813,0.22611281433408736,-0.7486754861303915,0.9073437571598291,-0.23151257288786775,-3.0181220307893812,0.46282927333715634,1.4465985877501348,-0.6700351127033041,0.0,0.0,0.0,-2.703928454487463,-0.902464065583757,-1.455084888378827,-1.4318272810390011,0.0,0.0,0.0
0.0,0.5090794859879658,0.2484510224169019,0.20154086000418367,-0.6220750034347979,0.8846270904095395,-0.05781754522442739,-3.0228119875203445,0.44341268613957485,1.5004790733463547,-1.0465694040200582,0.0,0.0,0.0,-2.714360106372737,-1.0858234550650336,-1.7370557439455498,-1.8390769709528736,0.0,0.0,0.0
0.0,0.5181540266509053,0.2520663517293083,0.16439844049710423,-0.5843087486370186,0.8517417028779599,0.024694906836581154,-3.0212494631415017,0.41482007468383914,1.5402183844149058,-1.3843627022323328,0.0,0.0,0.0,-2.7630754970993756,-1.2143800110870677,-2.0644761578648376,-2.099992605661258,0.0,0.0,0.0
